# x t p
0.0 216.53 0.1
0.0 229.37 0.2
0.0 237.63 0.3
0.0 243.84 0.4
0.0 248.9 0.5
0.0 253.16 0.6
0.0 256.9 0.7
0.0 260.19 0.8
0.0 263.16 0.9
0.0 265.89 1.0
0.0 276.35 2.0
0.0 279.84 3.0
0.0 282.08 4.0
0.0 283.49 5.0
0.0 283.65 6.0
0.0 283.8 7.0
0.0 283.95 8.0
0.0 284.09 9.0
0.0 284.22 10.0
0.0 284.83 15.0
0.0 285.36 20.0
0.0 285.84 25.0
0.0 286.28 30.0
0.0 286.69 35.0
0.0 287.07 40.0
0.0 287.42 45.0
0.0 287.75 50.0
0.0 288.37 60.0
0.0 288.92 70.0
0.0 289.42 80.0
0.0 289.87 90.0
0.0 290.27 100.0
0.0 290.64 110.0
0.0 290.97 120.0
0.0 291.28 130.0
0.0 291.54 140.0
0.0 291.78 150.0
0.0 291.99 160.0
0.0 292.18 170.0
0.0 292.34 180.0
0.0 292.48 190.0
0.0 292.6 200.0
0.0 292.89 250.0
0.0 292.73 300.0
0.0 292.21 350.0
0.0 291.39 400.0
0.01 216.49 0.1
0.01 229.33 0.2
0.01 237.59 0.3
0.01 243.8 0.4
0.01 248.86 0.5
0.01 253.12 0.6
0.01 256.85 0.7
0.01 260.15 0.8
0.01 263.12 0.9
0.01 265.85 1.0
0.01 276.35 2.0
0.01 279.86 3.0
0.01 282.11 4.0
0.01 283.64 5.0
0.01 283.98 6.0
0.01 284.15 7.0
0.01 284.31 8.0
0.01 284.46 9.0
0.01 284.6 10.0
0.01 285.26 15.0
0.01 285.83 20.0
0.01 286.35 25.0
0.01 286.81 30.0
0.01 287.25 35.0
0.01 287.65 40.0
0.01 288.03 45.0
0.01 288.39 50.0
0.01 289.04 60.0
0.01 289.63 70.0
0.01 290.16 80.0
0.01 290.63 90.0
0.01 291.06 100.0
0.01 291.45 110.0
0.01 291.81 120.0
0.01 292.12 130.0
0.01 292.41 140.0
0.01 292.67 150.0
0.01 292.9 160.0
0.01 293.09 170.0
0.01 293.27 180.0
0.01 293.42 190.0
0.01 293.55 200.0
0.01 293.88 250.0
0.01 293.78 300.0
0.01 293.31 350.0
0.01 292.52 400.0
0.02 216.45 0.1
0.02 229.28 0.2
0.02 237.55 0.3
0.02 243.76 0.4
0.02 248.81 0.5
0.02 253.07 0.6
0.02 256.81 0.7
0.02 260.11 0.8
0.02 263.08 0.9
0.02 265.81 1.0
0.02 276.34 2.0
0.02 279.87 3.0
0.02 282.13 4.0
0.02 283.66 5.0
0.02 284.26 6.0
0.02 284.45 7.0
0.02 284.62 8.0
0.02 284.78 9.0
0.02 284.94 10.0
0.02 285.64 15.0
0.02 286.24 20.0
0.02 286.79 25.0
0.02 287.28 30.0
0.02 287.74 35.0
0.02 288.16 40.0
0.02 288.56 45.0
0.02 288.93 50.0
0.02 289.61 60.0
0.02 290.23 70.0
0.02 290.77 80.0
0.02 291.27 90.0
0.02 291.72 100.0
0.02 292.13 110.0
0.02 292.49 120.0
0.02 292.82 130.0
0.02 293.11 140.0
0.02 293.38 150.0
0.02 293.62 160.0
0.02 293.82 170.0
0.02 294.01 180.0
0.02 294.17 190.0
0.02 294.3 200.0
0.02 294.66 250.0
0.02 294.58 300.0
0.02 294.12 350.0
0.02 293.35 400.0
0.03 216.41 0.1
0.03 229.24 0.2
0.03 237.5 0.3
0.03 243.71 0.4
0.03 248.76 0.5
0.03 253.03 0.6
0.03 256.76 0.7
0.03 260.06 0.8
0.03 263.04 0.9
0.03 265.76 1.0
0.03 276.34 2.0
0.03 279.88 3.0
0.03 282.16 4.0
0.03 283.7 5.0
0.03 284.51 6.0
0.03 284.71 7.0
0.03 284.9 8.0
0.03 285.07 9.0
0.03 285.24 10.0
0.03 285.98 15.0
0.03 286.61 20.0
0.03 287.18 25.0
0.03 287.69 30.0
0.03 288.17 35.0
0.03 288.61 40.0
0.03 289.02 45.0
0.03 289.4 50.0
0.03 290.11 60.0
0.03 290.74 70.0
0.03 291.3 80.0
0.03 291.81 90.0
0.03 292.28 100.0
0.03 292.7 110.0
0.03 293.07 120.0
0.03 293.4 130.0
0.03 293.71 140.0
0.03 293.99 150.0
0.03 294.22 160.0
0.03 294.44 170.0
0.03 294.63 180.0
0.03 294.79 190.0
0.03 294.93 200.0
0.03 295.31 250.0
0.03 295.23 300.0
0.03 294.77 350.0
0.03 294.01 400.0
0.04 216.36 0.1
0.04 229.19 0.2
0.04 237.45 0.3
0.04 243.66 0.4
0.04 248.72 0.5
0.04 252.98 0.6
0.04 256.71 0.7
0.04 260.01 0.8
0.04 262.99 0.9
0.04 265.71 1.0
0.04 276.34 2.0
0.04 279.88 3.0
0.04 282.18 4.0
0.04 283.74 5.0
0.04 284.73 6.0
0.04 284.95 7.0
0.04 285.14 8.0
0.04 285.33 9.0
0.04 285.51 10.0
0.04 286.28 15.0
0.04 286.94 20.0
0.04 287.53 25.0
0.04 288.06 30.0
0.04 288.55 35.0
0.04 289.01 40.0
0.04 289.43 45.0
0.04 289.83 50.0
0.04 290.56 60.0
0.04 291.2 70.0
0.04 291.77 80.0
0.04 292.29 90.0
0.04 292.77 100.0
0.04 293.19 110.0
0.04 293.57 120.0
0.04 293.92 130.0
0.04 294.23 140.0
0.04 294.5 150.0
0.04 294.75 160.0
0.04 294.97 170.0
0.04 295.16 180.0
0.04 295.32 190.0
0.04 295.46 200.0
0.04 295.85 250.0
0.04 295.77 300.0
0.04 295.32 350.0
0.04 294.54 400.0
0.05 216.31 0.1
0.05 229.14 0.2
0.05 237.4 0.3
0.05 243.61 0.4
0.05 248.66 0.5
0.05 252.92 0.6
0.05 256.66 0.7
0.05 259.96 0.8
0.05 262.94 0.9
0.05 265.66 1.0
0.05 276.33 2.0
0.05 279.89 3.0
0.05 282.19 4.0
0.05 283.77 5.0
0.05 284.92 6.0
0.05 285.15 7.0
0.05 285.37 8.0
0.05 285.56 9.0
0.05 285.75 10.0
0.05 286.55 15.0
0.05 287.24 20.0
0.05 287.85 25.0
0.05 288.39 30.0
0.05 288.9 35.0
0.05 289.36 40.0
0.05 289.8 45.0
0.05 290.21 50.0
0.05 290.95 60.0
0.05 291.6 70.0
0.05 292.19 80.0
0.05 292.72 90.0
0.05 293.21 100.0
0.05 293.63 110.0
0.05 294.02 120.0
0.05 294.37 130.0
0.05 294.69 140.0
0.05 294.96 150.0
0.05 295.21 160.0
0.05 295.43 170.0
0.05 295.63 180.0
0.05 295.79 190.0
0.05 295.93 200.0
0.05 296.32 250.0
0.05 296.24 300.0
0.05 295.79 350.0
0.05 295.01 400.0
0.06 216.26 0.1
0.06 229.09 0.2
0.06 237.35 0.3
0.06 243.55 0.4
0.06 248.61 0.5
0.06 252.87 0.6
0.06 256.6 0.7
0.06 259.91 0.8
0.06 262.88 0.9
0.06 265.61 1.0
0.06 276.32 2.0
0.06 279.89 3.0
0.06 282.21 4.0
0.06 283.8 5.0
0.06 285.07 6.0
0.06 285.34 7.0
0.06 285.57 8.0
0.06 285.77 9.0
0.06 285.97 10.0
0.06 286.81 15.0
0.06 287.51 20.0
0.06 288.14 25.0
0.06 288.7 30.0
0.06 289.22 35.0
0.06 289.69 40.0
0.06 290.14 45.0
0.06 290.55 50.0
0.06 291.31 60.0
0.06 291.98 70.0
0.06 292.57 80.0
0.06 293.11 90.0
0.06 293.6 100.0
0.06 294.03 110.0
0.06 294.42 120.0
0.06 294.78 130.0
0.06 295.1 140.0
0.06 295.38 150.0
0.06 295.63 160.0
0.06 295.85 170.0
0.06 296.05 180.0
0.06 296.21 190.0
0.06 296.35 200.0
0.06 296.75 250.0
0.06 296.66 300.0
0.06 296.21 350.0
0.06 295.42 400.0
0.07 216.21 0.1
0.07 229.03 0.2
0.07 237.29 0.3
0.07 243.49 0.4
0.07 248.55 0.5
0.07 252.81 0.6
0.07 256.55 0.7
0.07 259.85 0.8
0.07 262.83 0.9
0.07 265.55 1.0
0.07 276.31 2.0
0.07 279.9 3.0
0.07 282.22 4.0
0.07 283.82 5.0
0.07 285.07 6.0
0.07 285.51 7.0
0.07 285.75 8.0
0.07 285.96 9.0
0.07 286.17 10.0
0.07 287.04 15.0
0.07 287.76 20.0
0.07 288.4 25.0
0.07 288.98 30.0
0.07 289.51 35.0
0.07 290.0 40.0
0.07 290.45 45.0
0.07 290.87 50.0
0.07 291.64 60.0
0.07 292.31 70.0
0.07 292.92 80.0
0.07 293.47 90.0
0.07 293.96 100.0
0.07 294.4 110.0
0.07 294.79 120.0
0.07 295.15 130.0
0.07 295.47 140.0
0.07 295.75 150.0
0.07 296.0 160.0
0.07 296.23 170.0
0.07 296.42 180.0
0.07 296.59 190.0
0.07 296.73 200.0
0.07 297.13 250.0
0.07 297.04 300.0
0.07 296.58 350.0
0.07 295.79 400.0
0.08 216.16 0.1
0.08 228.97 0.2
0.08 237.23 0.3
0.08 243.43 0.4
0.08 248.49 0.5
0.08 252.75 0.6
0.08 256.48 0.7
0.08 259.79 0.8
0.08 262.77 0.9
0.08 265.49 1.0
0.08 276.3 2.0
0.08 279.9 3.0
0.08 282.23 4.0
0.08 283.85 5.0
0.08 285.07 6.0
0.08 285.65 7.0
0.08 285.91 8.0
0.08 286.14 9.0
0.08 286.35 10.0
0.08 287.25 15.0
0.08 288.0 20.0
0.08 288.65 25.0
0.08 289.24 30.0
0.08 289.78 35.0
0.08 290.27 40.0
0.08 290.73 45.0
0.08 291.16 50.0
0.08 291.95 60.0
0.08 292.63 70.0
0.08 293.24 80.0
0.08 293.79 90.0
0.08 294.29 100.0
0.08 294.73 110.0
0.08 295.13 120.0
0.08 295.49 130.0
0.08 295.82 140.0
0.08 296.1 150.0
0.08 296.35 160.0
0.08 296.58 170.0
0.08 296.77 180.0
0.08 296.94 190.0
0.08 297.08 200.0
0.08 297.47 250.0
0.08 297.38 300.0
0.08 296.92 350.0
0.08 296.12 400.0
0.09 216.1 0.1
0.09 228.91 0.2
0.09 237.17 0.3
0.09 243.37 0.4
0.09 248.43 0.5
0.09 252.69 0.6
0.09 256.42 0.7
0.09 259.73 0.8
0.09 262.7 0.9
0.09 265.43 1.0
0.09 276.29 2.0
0.09 279.9 3.0
0.09 282.24 4.0
0.09 283.87 5.0
0.09 285.07 6.0
0.09 285.79 7.0
0.09 286.06 8.0
0.09 286.3 9.0
0.09 286.52 10.0
0.09 287.45 15.0
0.09 288.21 20.0
0.09 288.88 25.0
0.09 289.48 30.0
0.09 290.03 35.0
0.09 290.53 40.0
0.09 291.0 45.0
0.09 291.44 50.0
0.09 292.23 60.0
0.09 292.92 70.0
0.09 293.54 80.0
0.09 294.1 90.0
0.09 294.6 100.0
0.09 295.04 110.0
0.09 295.44 120.0
0.09 295.81 130.0
0.09 296.13 140.0
0.09 296.41 150.0
0.09 296.67 160.0
0.09 296.9 170.0
0.09 297.09 180.0
0.09 297.26 190.0
0.09 297.4 200.0
0.09 297.79 250.0
0.09 297.7 300.0
0.09 297.23 350.0
0.09 296.43 400.0
0.1 216.04 0.1
0.1 228.85 0.2
0.1 237.1 0.3
0.1 243.3 0.4
0.1 248.36 0.5
0.1 252.62 0.6
0.1 256.35 0.7
0.1 259.67 0.8
0.1 262.64 0.9
0.1 265.37 1.0
0.1 276.28 2.0
0.1 279.9 3.0
0.1 282.25 4.0
0.1 283.88 5.0
0.1 285.07 6.0
0.1 285.9 7.0
0.1 286.19 8.0
0.1 286.44 9.0
0.1 286.67 10.0
0.1 287.63 15.0
0.1 288.41 20.0
0.1 289.1 25.0
0.1 289.71 30.0
0.1 290.26 35.0
0.1 290.78 40.0
0.1 291.25 45.0
0.1 291.69 50.0
0.1 292.49 60.0
0.1 293.19 70.0
0.1 293.82 80.0
0.1 294.38 90.0
0.1 294.89 100.0
0.1 295.33 110.0
0.1 295.73 120.0
0.1 296.1 130.0
0.1 296.43 140.0
0.1 296.71 150.0
0.1 296.97 160.0
0.1 297.2 170.0
0.1 297.39 180.0
0.1 297.56 190.0
0.1 297.7 200.0
0.1 298.09 250.0
0.1 298.0 300.0
0.1 297.52 350.0
0.1 296.71 400.0
0.11 215.98 0.1
0.11 228.78 0.2
0.11 237.04 0.3
0.11 243.23 0.4
0.11 248.29 0.5
0.11 252.55 0.6
0.11 256.29 0.7
0.11 259.6 0.8
0.11 262.57 0.9
0.11 265.3 1.0
0.11 276.26 2.0
0.11 279.89 3.0
0.11 282.26 4.0
0.11 283.9 5.0
0.11 285.07 6.0
0.11 286.0 7.0
0.11 286.31 8.0
0.11 286.57 9.0
0.11 286.81 10.0
0.11 287.8 15.0
0.11 288.6 20.0
0.11 289.3 25.0
0.11 289.92 30.0
0.11 290.48 35.0
0.11 291.0 40.0
0.11 291.48 45.0
0.11 291.93 50.0
0.11 292.74 60.0
0.11 293.45 70.0
0.11 294.08 80.0
0.11 294.64 90.0
0.11 295.15 100.0
0.11 295.6 110.0
0.11 296.01 120.0
0.11 296.38 130.0
0.11 296.7 140.0
0.11 296.99 150.0
0.11 297.25 160.0
0.11 297.48 170.0
0.11 297.67 180.0
0.11 297.84 190.0
0.11 297.98 200.0
0.11 298.37 250.0
0.11 298.27 300.0
0.11 297.79 350.0
0.11 296.98 400.0
0.12 215.91 0.1
0.12 228.72 0.2
0.12 236.97 0.3
0.12 243.16 0.4
0.12 248.22 0.5
0.12 252.48 0.6
0.12 256.21 0.7
0.12 259.53 0.8
0.12 262.5 0.9
0.12 265.23 1.0
0.12 276.25 2.0
0.12 279.89 3.0
0.12 282.26 4.0
0.12 283.92 5.0
0.12 285.09 6.0
0.12 286.08 7.0
0.12 286.42 8.0
0.12 286.7 9.0
0.12 286.94 10.0
0.12 287.96 15.0
0.12 288.78 20.0
0.12 289.49 25.0
0.12 290.12 30.0
0.12 290.69 35.0
0.12 291.22 40.0
0.12 291.7 45.0
0.12 292.16 50.0
0.12 292.97 60.0
0.12 293.69 70.0
0.12 294.32 80.0
0.12 294.89 90.0
0.12 295.41 100.0
0.12 295.86 110.0
0.12 296.27 120.0
0.12 296.63 130.0
0.12 296.97 140.0
0.12 297.25 150.0
0.12 297.51 160.0
0.12 297.74 170.0
0.12 297.93 180.0
0.12 298.1 190.0
0.12 298.25 200.0
0.12 298.63 250.0
0.12 298.53 300.0
0.12 298.05 350.0
0.12 297.23 400.0
0.13 215.85 0.1
0.13 228.65 0.2
0.13 236.9 0.3
0.13 243.09 0.4
0.13 248.15 0.5
0.13 252.41 0.6
0.13 256.14 0.7
0.13 259.46 0.8
0.13 262.43 0.9
0.13 265.16 1.0
0.13 276.23 2.0
0.13 279.88 3.0
0.13 282.26 4.0
0.13 283.93 5.0
0.13 285.11 6.0
0.13 286.15 7.0
0.13 286.51 8.0
0.13 286.81 9.0
0.13 287.07 10.0
0.13 288.11 15.0
0.13 288.95 20.0
0.13 289.67 25.0
0.13 290.31 30.0
0.13 290.89 35.0
0.13 291.42 40.0
0.13 291.91 45.0
0.13 292.37 50.0
0.13 293.19 60.0
0.13 293.91 70.0
0.13 294.55 80.0
0.13 295.13 90.0
0.13 295.64 100.0
0.13 296.1 110.0
0.13 296.51 120.0
0.13 296.88 130.0
0.13 297.21 140.0
0.13 297.5 150.0
0.13 297.75 160.0
0.13 297.99 170.0
0.13 298.18 180.0
0.13 298.35 190.0
0.13 298.49 200.0
0.13 298.87 250.0
0.13 298.77 300.0
0.13 298.28 350.0
0.13 297.46 400.0
0.14 215.78 0.1
0.14 228.58 0.2
0.14 236.82 0.3
0.14 243.02 0.4
0.14 248.08 0.5
0.14 252.33 0.6
0.14 256.06 0.7
0.14 259.38 0.8
0.14 262.36 0.9
0.14 265.08 1.0
0.14 276.21 2.0
0.14 279.87 3.0
0.14 282.26 4.0
0.14 283.94 5.0
0.14 285.13 6.0
0.14 286.19 7.0
0.14 286.6 8.0
0.14 286.91 9.0
0.14 287.18 10.0
0.14 288.25 15.0
0.14 289.1 20.0
0.14 289.84 25.0
0.14 290.49 30.0
0.14 291.07 35.0
0.14 291.61 40.0
0.14 292.11 45.0
0.14 292.57 50.0
0.14 293.4 60.0
0.14 294.13 70.0
0.14 294.77 80.0
0.14 295.35 90.0
0.14 295.87 100.0
0.14 296.33 110.0
0.14 296.74 120.0
0.14 297.11 130.0
0.14 297.44 140.0
0.14 297.73 150.0
0.14 297.99 160.0
0.14 298.22 170.0
0.14 298.42 180.0
0.14 298.58 190.0
0.14 298.73 200.0
0.14 299.11 250.0
0.14 299.0 300.0
0.14 298.51 350.0
0.14 297.68 400.0
0.15 215.71 0.1
0.15 228.5 0.2
0.15 236.75 0.3
0.15 242.94 0.4
0.15 248.0 0.5
0.15 252.25 0.6
0.15 255.99 0.7
0.15 259.3 0.8
0.15 262.28 0.9
0.15 265.0 1.0
0.15 276.19 2.0
0.15 279.86 3.0
0.15 282.26 4.0
0.15 283.95 5.0
0.15 285.15 6.0
0.15 286.17 7.0
0.15 286.67 8.0
0.15 287.0 9.0
0.15 287.28 10.0
0.15 288.38 15.0
0.15 289.25 20.0
0.15 290.0 25.0
0.15 290.66 30.0
0.15 291.25 35.0
0.15 291.79 40.0
0.15 292.3 45.0
0.15 292.76 50.0
0.15 293.6 60.0
0.15 294.33 70.0
0.15 294.98 80.0
0.15 295.56 90.0
0.15 296.09 100.0
0.15 296.54 110.0
0.15 296.96 120.0
0.15 297.33 130.0
0.15 297.66 140.0
0.15 297.95 150.0
0.15 298.21 160.0
0.15 298.44 170.0
0.15 298.64 180.0
0.15 298.81 190.0
0.15 298.95 200.0
0.15 299.33 250.0
0.15 299.22 300.0
0.15 298.72 350.0
0.15 297.89 400.0
0.16 215.64 0.1
0.16 228.43 0.2
0.16 236.67 0.3
0.16 242.86 0.4
0.16 247.92 0.5
0.16 252.17 0.6
0.16 255.9 0.7
0.16 259.22 0.8
0.16 262.2 0.9
0.16 264.92 1.0
0.16 276.18 2.0
0.16 279.85 3.0
0.16 282.26 4.0
0.16 283.95 5.0
0.16 285.17 6.0
0.16 286.07 7.0
0.16 286.74 8.0
0.16 287.08 9.0
0.16 287.37 10.0
0.16 288.51 15.0
0.16 289.39 20.0
0.16 290.15 25.0
0.16 290.82 30.0
0.16 291.42 35.0
0.16 291.97 40.0
0.16 292.47 45.0
0.16 292.94 50.0
0.16 293.79 60.0
0.16 294.53 70.0
0.16 295.18 80.0
0.16 295.77 90.0
0.16 296.29 100.0
0.16 296.75 110.0
0.16 297.17 120.0
0.16 297.54 130.0
0.16 297.88 140.0
0.16 298.16 150.0
0.16 298.42 160.0
0.16 298.65 170.0
0.16 298.85 180.0
0.16 299.02 190.0
0.16 299.16 200.0
0.16 299.54 250.0
0.16 299.42 300.0
0.16 298.92 350.0
0.16 298.09 400.0
0.17 215.57 0.1
0.17 228.35 0.2
0.17 236.59 0.3
0.17 242.78 0.4
0.17 247.84 0.5
0.17 252.09 0.6
0.17 255.82 0.7
0.17 259.14 0.8
0.17 262.12 0.9
0.17 264.84 1.0
0.17 276.15 2.0
0.17 279.84 3.0
0.17 282.26 4.0
0.17 283.96 5.0
0.17 285.19 6.0
0.17 286.07 7.0
0.17 286.79 8.0
0.17 287.16 9.0
0.17 287.46 10.0
0.17 288.62 15.0
0.17 289.53 20.0
0.17 290.29 25.0
0.17 290.97 30.0
0.17 291.58 35.0
0.17 292.13 40.0
0.17 292.64 45.0
0.17 293.12 50.0
0.17 293.97 60.0
0.17 294.71 70.0
0.17 295.37 80.0
0.17 295.96 90.0
0.17 296.49 100.0
0.17 296.95 110.0
0.17 297.36 120.0
0.17 297.74 130.0
0.17 298.08 140.0
0.17 298.37 150.0
0.17 298.62 160.0
0.17 298.86 170.0
0.17 299.05 180.0
0.17 299.22 190.0
0.17 299.36 200.0
0.17 299.74 250.0
0.17 299.62 300.0
0.17 299.12 350.0
0.17 298.28 400.0
0.18 215.49 0.1
0.18 228.27 0.2
0.18 236.5 0.3
0.18 242.69 0.4
0.18 247.75 0.5
0.18 252.01 0.6
0.18 255.74 0.7
0.18 259.06 0.8
0.18 262.03 0.9
0.18 264.76 1.0
0.18 276.13 2.0
0.18 279.83 3.0
0.18 282.25 4.0
0.18 283.96 5.0
0.18 285.2 6.0
0.18 286.09 7.0
0.18 286.83 8.0
0.18 287.22 9.0
0.18 287.54 10.0
0.18 288.74 15.0
0.18 289.65 20.0
0.18 290.43 25.0
0.18 291.12 30.0
0.18 291.73 35.0
0.18 292.29 40.0
0.18 292.81 45.0
0.18 293.28 50.0
0.18 294.15 60.0
0.18 294.89 70.0
0.18 295.55 80.0
0.18 296.14 90.0
0.18 296.67 100.0
0.18 297.14 110.0
0.18 297.56 120.0
0.18 297.93 130.0
0.18 298.27 140.0
0.18 298.56 150.0
0.18 298.82 160.0
0.18 299.05 170.0
0.18 299.25 180.0
0.18 299.41 190.0
0.18 299.56 200.0
0.18 299.93 250.0
0.18 299.81 300.0
0.18 299.3 350.0
0.18 298.46 400.0
0.19 215.41 0.1
0.19 228.18 0.2
0.19 236.42 0.3
0.19 242.61 0.4
0.19 247.66 0.5
0.19 251.92 0.6
0.19 255.65 0.7
0.19 258.97 0.8
0.19 261.94 0.9
0.19 264.67 1.0
0.19 276.11 2.0
0.19 279.82 3.0
0.19 282.25 4.0
0.19 283.97 5.0
0.19 285.21 6.0
0.19 286.12 7.0
0.19 286.86 8.0
0.19 287.28 9.0
0.19 287.61 10.0
0.19 288.84 15.0
0.19 289.77 20.0
0.19 290.56 25.0
0.19 291.25 30.0
0.19 291.88 35.0
0.19 292.44 40.0
0.19 292.96 45.0
0.19 293.44 50.0
0.19 294.31 60.0
0.19 295.06 70.0
0.19 295.73 80.0
0.19 296.32 90.0
0.19 296.85 100.0
0.19 297.32 110.0
0.19 297.74 120.0
0.19 298.12 130.0
0.19 298.45 140.0
0.19 298.74 150.0
0.19 299.0 160.0
0.19 299.24 170.0
0.19 299.43 180.0
0.19 299.6 190.0
0.19 299.74 200.0
0.19 300.12 250.0
0.19 299.99 300.0
0.19 299.48 350.0
0.19 298.63 400.0
0.2 215.33 0.1
0.2 228.1 0.2
0.2 236.33 0.3
0.2 242.52 0.4
0.2 247.57 0.5
0.2 251.83 0.6
0.2 255.56 0.7
0.2 258.88 0.8
0.2 261.85 0.9
0.2 264.58 1.0
0.2 276.09 2.0
0.2 279.8 3.0
0.2 282.24 4.0
0.2 283.97 5.0
0.2 285.22 6.0
0.2 286.14 7.0
0.2 286.88 8.0
0.2 287.34 9.0
0.2 287.68 10.0
0.2 288.94 15.0
0.2 289.89 20.0
0.2 290.69 25.0
0.2 291.39 30.0
0.2 292.02 35.0
0.2 292.59 40.0
0.2 293.11 45.0
0.2 293.6 50.0
0.2 294.47 60.0
0.2 295.23 70.0
0.2 295.89 80.0
0.2 296.49 90.0
0.2 297.03 100.0
0.2 297.49 110.0
0.2 297.91 120.0
0.2 298.29 130.0
0.2 298.63 140.0
0.2 298.92 150.0
0.2 299.18 160.0
0.2 299.41 170.0
0.2 299.61 180.0
0.2 299.78 190.0
0.2 299.92 200.0
0.2 300.29 250.0
0.2 300.17 300.0
0.2 299.65 350.0
0.2 298.8 400.0
0.21 215.25 0.1
0.21 228.01 0.2
0.21 236.24 0.3
0.21 242.42 0.4
0.21 247.48 0.5
0.21 251.74 0.6
0.21 255.46 0.7
0.21 258.79 0.8
0.21 261.76 0.9
0.21 264.49 1.0
0.21 276.06 2.0
0.21 279.79 3.0
0.21 282.23 4.0
0.21 283.97 5.0
0.21 285.23 6.0
0.21 286.15 7.0
0.21 286.89 8.0
0.21 287.38 9.0
0.21 287.74 10.0
0.21 289.03 15.0
0.21 290.0 20.0
0.21 290.81 25.0
0.21 291.52 30.0
0.21 292.15 35.0
0.21 292.73 40.0
0.21 293.25 45.0
0.21 293.74 50.0
0.21 294.62 60.0
0.21 295.38 70.0
0.21 296.06 80.0
0.21 296.65 90.0
0.21 297.19 100.0
0.21 297.66 110.0
0.21 298.08 120.0
0.21 298.46 130.0
0.21 298.8 140.0
0.21 299.09 150.0
0.21 299.35 160.0
0.21 299.59 170.0
0.21 299.79 180.0
0.21 299.95 190.0
0.21 300.09 200.0
0.21 300.46 250.0
0.21 300.33 300.0
0.21 299.81 350.0
0.21 298.96 400.0
0.22 215.16 0.1
0.22 227.92 0.2
0.22 236.15 0.3
0.22 242.33 0.4
0.22 247.39 0.5
0.22 251.64 0.6
0.22 255.37 0.7
0.22 258.69 0.8
0.22 261.67 0.9
0.22 264.39 1.0
0.22 276.03 2.0
0.22 279.77 3.0
0.22 282.22 4.0
0.22 283.96 5.0
0.22 285.24 6.0
0.22 286.17 7.0
0.22 286.9 8.0
0.22 287.42 9.0
0.22 287.8 10.0
0.22 289.12 15.0
0.22 290.1 20.0
0.22 290.92 25.0
0.22 291.64 30.0
0.22 292.28 35.0
0.22 292.86 40.0
0.22 293.39 45.0
0.22 293.89 50.0
0.22 294.77 60.0
0.22 295.54 70.0
0.22 296.21 80.0
0.22 296.81 90.0
0.22 297.35 100.0
0.22 297.82 110.0
0.22 298.25 120.0
0.22 298.63 130.0
0.22 298.97 140.0
0.22 299.26 150.0
0.22 299.52 160.0
0.22 299.75 170.0
0.22 299.95 180.0
0.22 300.12 190.0
0.22 300.26 200.0
0.22 300.63 250.0
0.22 300.49 300.0
0.22 299.97 350.0
0.22 299.12 400.0
0.23 215.08 0.1
0.23 227.83 0.2
0.23 236.05 0.3
0.23 242.23 0.4
0.23 247.29 0.5
0.23 251.54 0.6
0.23 255.27 0.7
0.23 258.6 0.8
0.23 261.57 0.9
0.23 264.3 1.0
0.23 276.01 2.0
0.23 279.75 3.0
0.23 282.21 4.0
0.23 283.96 5.0
0.23 285.24 6.0
0.23 286.19 7.0
0.23 286.91 8.0
0.23 287.46 9.0
0.23 287.85 10.0
0.23 289.21 15.0
0.23 290.2 20.0
0.23 291.03 25.0
0.23 291.76 30.0
0.23 292.4 35.0
0.23 292.99 40.0
0.23 293.52 45.0
0.23 294.02 50.0
0.23 294.91 60.0
0.23 295.68 70.0
0.23 296.36 80.0
0.23 296.96 90.0
0.23 297.5 100.0
0.23 297.98 110.0
0.23 298.4 120.0
0.23 298.78 130.0
0.23 299.13 140.0
0.23 299.42 150.0
0.23 299.68 160.0
0.23 299.91 170.0
0.23 300.11 180.0
0.23 300.28 190.0
0.23 300.42 200.0
0.23 300.79 250.0
0.23 300.65 300.0
0.23 300.13 350.0
0.23 299.27 400.0
0.24 214.99 0.1
0.24 227.74 0.2
0.24 235.95 0.3
0.24 242.14 0.4
0.24 247.19 0.5
0.24 251.44 0.6
0.24 255.17 0.7
0.24 258.5 0.8
0.24 261.47 0.9
0.24 264.2 1.0
0.24 275.98 2.0
0.24 279.73 3.0
0.24 282.2 4.0
0.24 283.95 5.0
0.24 285.24 6.0
0.24 286.2 7.0
0.24 286.92 8.0
0.24 287.49 9.0
0.24 287.9 10.0
0.24 289.29 15.0
0.24 290.3 20.0
0.24 291.14 25.0
0.24 291.87 30.0
0.24 292.52 35.0
0.24 293.11 40.0
0.24 293.65 45.0
0.24 294.15 50.0
0.24 295.05 60.0
0.24 295.82 70.0
0.24 296.5 80.0
0.24 297.11 90.0
0.24 297.65 100.0
0.24 298.13 110.0
0.24 298.55 120.0
0.24 298.94 130.0
0.24 299.28 140.0
0.24 299.57 150.0
0.24 299.83 160.0
0.24 300.07 170.0
0.24 300.27 180.0
0.24 300.43 190.0
0.24 300.57 200.0
0.24 300.94 250.0
0.24 300.8 300.0
0.24 300.27 350.0
0.24 299.41 400.0
0.25 214.9 0.1
0.25 227.64 0.2
0.25 235.86 0.3
0.25 242.03 0.4
0.25 247.09 0.5
0.25 251.34 0.6
0.25 255.07 0.7
0.25 258.39 0.8
0.25 261.37 0.9
0.25 264.09 1.0
0.25 275.95 2.0
0.25 279.71 3.0
0.25 282.18 4.0
0.25 283.95 5.0
0.25 285.25 6.0
0.25 286.21 7.0
0.25 286.94 8.0
0.25 287.51 9.0
0.25 287.94 10.0
0.25 289.36 15.0
0.25 290.39 20.0
0.25 291.24 25.0
0.25 291.98 30.0
0.25 292.64 35.0
0.25 293.23 40.0
0.25 293.78 45.0
0.25 294.28 50.0
0.25 295.18 60.0
0.25 295.96 70.0
0.25 296.64 80.0
0.25 297.25 90.0
0.25 297.8 100.0
0.25 298.28 110.0
0.25 298.7 120.0
0.25 299.08 130.0
0.25 299.43 140.0
0.25 299.72 150.0
0.25 299.98 160.0
0.25 300.21 170.0
0.25 300.42 180.0
0.25 300.58 190.0
0.25 300.72 200.0
0.25 301.09 250.0
0.25 300.95 300.0
0.25 300.41 350.0
0.25 299.55 400.0
0.26 214.8 0.1
0.26 227.54 0.2
0.26 235.75 0.3
0.26 241.93 0.4
0.26 246.98 0.5
0.26 251.24 0.6
0.26 254.96 0.7
0.26 258.29 0.8
0.26 261.26 0.9
0.26 263.99 1.0
0.26 275.92 2.0
0.26 279.69 3.0
0.26 282.17 4.0
0.26 283.94 5.0
0.26 285.25 6.0
0.26 286.22 7.0
0.26 286.95 8.0
0.26 287.54 9.0
0.26 287.98 10.0
0.26 289.43 15.0
0.26 290.48 20.0
0.26 291.34 25.0
0.26 292.08 30.0
0.26 292.75 35.0
0.26 293.35 40.0
0.26 293.9 45.0
0.26 294.4 50.0
0.26 295.31 60.0
0.26 296.09 70.0
0.26 296.78 80.0
0.26 297.39 90.0
0.26 297.94 100.0
0.26 298.42 110.0
0.26 298.84 120.0
0.26 299.23 130.0
0.26 299.57 140.0
0.26 299.87 150.0
0.26 300.13 160.0
0.26 300.36 170.0
0.26 300.56 180.0
0.26 300.73 190.0
0.26 300.87 200.0
0.26 301.23 250.0
0.26 301.09 300.0
0.26 300.55 350.0
0.26 299.69 400.0
0.27 214.71 0.1
0.27 227.44 0.2
0.27 235.65 0.3
0.27 241.83 0.4
0.27 246.88 0.5
0.27 251.13 0.6
0.27 254.85 0.7
0.27 258.18 0.8
0.27 261.16 0.9
0.27 263.88 1.0
0.27 275.89 2.0
0.27 279.66 3.0
0.27 282.15 4.0
0.27 283.93 5.0
0.27 285.24 6.0
0.27 286.23 7.0
0.27 286.97 8.0
0.27 287.56 9.0
0.27 288.01 10.0
0.27 289.5 15.0
0.27 290.56 20.0
0.27 291.43 25.0
0.27 292.18 30.0
0.27 292.85 35.0
0.27 293.46 40.0
0.27 294.01 45.0
0.27 294.52 50.0
0.27 295.43 60.0
0.27 296.22 70.0
0.27 296.91 80.0
0.27 297.52 90.0
0.27 298.07 100.0
0.27 298.55 110.0
0.27 298.98 120.0
0.27 299.36 130.0
0.27 299.71 140.0
0.27 300.01 150.0
0.27 300.27 160.0
0.27 300.5 170.0
0.27 300.7 180.0
0.27 300.87 190.0
0.27 301.01 200.0
0.27 301.37 250.0
0.27 301.22 300.0
0.27 300.69 350.0
0.27 299.82 400.0
0.28 214.61 0.1
0.28 227.34 0.2
0.28 235.54 0.3
0.28 241.72 0.4
0.28 246.77 0.5
0.28 251.02 0.6
0.28 254.74 0.7
0.28 258.07 0.8
0.28 261.05 0.9
0.28 263.77 1.0
0.28 275.85 2.0
0.28 279.64 3.0
0.28 282.14 4.0
0.28 283.92 5.0
0.28 285.24 6.0
0.28 286.23 7.0
0.28 286.98 8.0
0.28 287.58 9.0
0.28 288.04 10.0
0.28 289.57 15.0
0.28 290.64 20.0
0.28 291.52 25.0
0.28 292.28 30.0
0.28 292.96 35.0
0.28 293.56 40.0
0.28 294.12 45.0
0.28 294.63 50.0
0.28 295.55 60.0
0.28 296.34 70.0
0.28 297.04 80.0
0.28 297.65 90.0
0.28 298.2 100.0
0.28 298.69 110.0
0.28 299.12 120.0
0.28 299.5 130.0
0.28 299.84 140.0
0.28 300.14 150.0
0.28 300.4 160.0
0.28 300.64 170.0
0.28 300.84 180.0
0.28 301.0 190.0
0.28 301.15 200.0
0.28 301.51 250.0
0.28 301.36 300.0
0.28 300.82 350.0
0.28 299.94 400.0
0.29 214.51 0.1
0.29 227.23 0.2
0.29 235.43 0.3
0.29 241.61 0.4
0.29 246.66 0.5
0.29 250.91 0.6
0.29 254.63 0.7
0.29 257.96 0.8
0.29 260.94 0.9
0.29 263.66 1.0
0.29 275.82 2.0
0.29 279.61 3.0
0.29 282.12 4.0
0.29 283.91 5.0
0.29 285.24 6.0
0.29 286.24 7.0
0.29 287.0 8.0
0.29 287.59 9.0
0.29 288.07 10.0
0.29 289.63 15.0
0.29 290.72 20.0
0.29 291.61 25.0
0.29 292.37 30.0
0.29 293.06 35.0
0.29 293.67 40.0
0.29 294.23 45.0
0.29 294.75 50.0
0.29 295.67 60.0
0.29 296.46 70.0
0.29 297.16 80.0
0.29 297.78 90.0
0.29 298.33 100.0
0.29 298.82 110.0
0.29 299.25 120.0
0.29 299.63 130.0
0.29 299.98 140.0
0.29 300.27 150.0
0.29 300.54 160.0
0.29 300.77 170.0
0.29 300.97 180.0
0.29 301.14 190.0
0.29 301.28 200.0
0.29 301.64 250.0
0.29 301.49 300.0
0.29 300.94 350.0
0.29 300.07 400.0
0.3 214.41 0.1
0.3 227.12 0.2
0.3 235.32 0.3
0.3 241.5 0.4
0.3 246.54 0.5
0.3 250.8 0.6
0.3 254.52 0.7
0.3 257.84 0.8
0.3 260.82 0.9
0.3 263.55 1.0
0.3 275.79 2.0
0.3 279.59 3.0
0.3 282.1 4.0
0.3 283.9 5.0
0.3 285.23 6.0
0.3 286.24 7.0
0.3 287.01 8.0
0.3 287.61 9.0
0.3 288.1 10.0
0.3 289.69 15.0
0.3 290.79 20.0
0.3 291.69 25.0
0.3 292.47 30.0
0.3 293.15 35.0
0.3 293.77 40.0
0.3 294.33 45.0
0.3 294.85 50.0
0.3 295.78 60.0
0.3 296.58 70.0
0.3 297.28 80.0
0.3 297.9 90.0
0.3 298.45 100.0
0.3 298.94 110.0
0.3 299.37 120.0
0.3 299.76 130.0
0.3 300.1 140.0
0.3 300.4 150.0
0.3 300.66 160.0
0.3 300.9 170.0
0.3 301.1 180.0
0.3 301.27 190.0
0.3 301.41 200.0
0.3 301.76 250.0
0.3 301.61 300.0
0.3 301.07 350.0
0.3 300.19 400.0
0.31 214.31 0.1
0.31 227.01 0.2
0.31 235.21 0.3
0.31 241.38 0.4
0.31 246.42 0.5
0.31 250.68 0.6
0.31 254.4 0.7
0.31 257.73 0.8
0.31 260.71 0.9
0.31 263.43 1.0
0.31 275.75 2.0
0.31 279.56 3.0
0.31 282.08 4.0
0.31 283.88 5.0
0.31 285.23 6.0
0.31 286.24 7.0
0.31 287.02 8.0
0.31 287.63 9.0
0.31 288.12 10.0
0.31 289.75 15.0
0.31 290.86 20.0
0.31 291.77 25.0
0.31 292.55 30.0
0.31 293.25 35.0
0.31 293.87 40.0
0.31 294.44 45.0
0.31 294.96 50.0
0.31 295.89 60.0
0.31 296.69 70.0
0.31 297.4 80.0
0.31 298.02 90.0
0.31 298.57 100.0
0.31 299.06 110.0
0.31 299.49 120.0
0.31 299.88 130.0
0.31 300.23 140.0
0.31 300.53 150.0
0.31 300.79 160.0
0.31 301.02 170.0
0.31 301.23 180.0
0.31 301.39 190.0
0.31 301.53 200.0
0.31 301.89 250.0
0.31 301.73 300.0
0.31 301.19 350.0
0.31 300.3 400.0
0.32 214.2 0.1
0.32 226.9 0.2
0.32 235.09 0.3
0.32 241.26 0.4
0.32 246.3 0.5
0.32 250.56 0.6
0.32 254.28 0.7
0.32 257.61 0.8
0.32 260.59 0.9
0.32 263.31 1.0
0.32 275.71 2.0
0.32 279.53 3.0
0.32 282.06 4.0
0.32 283.87 5.0
0.32 285.22 6.0
0.32 286.24 7.0
0.32 287.03 8.0
0.32 287.64 9.0
0.32 288.15 10.0
0.32 289.8 15.0
0.32 290.93 20.0
0.32 291.85 25.0
0.32 292.64 30.0
0.32 293.34 35.0
0.32 293.96 40.0
0.32 294.53 45.0
0.32 295.06 50.0
0.32 296.0 60.0
0.32 296.81 70.0
0.32 297.51 80.0
0.32 298.13 90.0
0.32 298.69 100.0
0.32 299.18 110.0
0.32 299.61 120.0
0.32 300.0 130.0
0.32 300.35 140.0
0.32 300.65 150.0
0.32 300.91 160.0
0.32 301.14 170.0
0.32 301.35 180.0
0.32 301.51 190.0
0.32 301.65 200.0
0.32 302.01 250.0
0.32 301.85 300.0
0.32 301.3 350.0
0.32 300.42 400.0
0.33 214.09 0.1
0.33 226.79 0.2
0.33 234.97 0.3
0.33 241.14 0.4
0.33 246.18 0.5
0.33 250.44 0.6
0.33 254.16 0.7
0.33 257.48 0.8
0.33 260.46 0.9
0.33 263.19 1.0
0.33 275.68 2.0
0.33 279.5 3.0
0.33 282.03 4.0
0.33 283.85 5.0
0.33 285.21 6.0
0.33 286.24 7.0
0.33 287.04 8.0
0.33 287.66 9.0
0.33 288.17 10.0
0.33 289.85 15.0
0.33 291.0 20.0
0.33 291.93 25.0
0.33 292.72 30.0
0.33 293.42 35.0
0.33 294.06 40.0
0.33 294.63 45.0
0.33 295.16 50.0
0.33 296.1 60.0
0.33 296.91 70.0
0.33 297.62 80.0
0.33 298.24 90.0
0.33 298.8 100.0
0.33 299.3 110.0
0.33 299.73 120.0
0.33 300.12 130.0
0.33 300.46 140.0
0.33 300.77 150.0
0.33 301.03 160.0
0.33 301.26 170.0
0.33 301.47 180.0
0.33 301.63 190.0
0.33 301.77 200.0
0.33 302.13 250.0
0.33 301.97 300.0
0.33 301.41 350.0
0.33 300.53 400.0
0.34 213.98 0.1
0.34 226.67 0.2
0.34 234.85 0.3
0.34 241.02 0.4
0.34 246.06 0.5
0.34 250.31 0.6
0.34 254.03 0.7
0.34 257.36 0.8
0.34 260.34 0.9
0.34 263.06 1.0
0.34 275.64 2.0
0.34 279.47 3.0
0.34 282.01 4.0
0.34 283.83 5.0
0.34 285.2 6.0
0.34 286.24 7.0
0.34 287.04 8.0
0.34 287.67 9.0
0.34 288.19 10.0
0.34 289.9 15.0
0.34 291.06 20.0
0.34 292.0 25.0
0.34 292.8 30.0
0.34 293.51 35.0
0.34 294.14 40.0
0.34 294.72 45.0
0.34 295.25 50.0
0.34 296.2 60.0
0.34 297.02 70.0
0.34 297.73 80.0
0.34 298.35 90.0
0.34 298.91 100.0
0.34 299.41 110.0
0.34 299.84 120.0
0.34 300.23 130.0
0.34 300.58 140.0
0.34 300.88 150.0
0.34 301.15 160.0
0.34 301.38 170.0
0.34 301.58 180.0
0.34 301.75 190.0
0.34 301.89 200.0
0.34 302.24 250.0
0.34 302.08 300.0
0.34 301.53 350.0
0.34 300.64 400.0
0.35 213.87 0.1
0.35 226.55 0.2
0.35 234.73 0.3
0.35 240.9 0.4
0.35 245.93 0.5
0.35 250.19 0.6
0.35 253.9 0.7
0.35 257.23 0.8
0.35 260.21 0.9
0.35 262.94 1.0
0.35 275.6 2.0
0.35 279.44 3.0
0.35 281.98 4.0
0.35 283.82 5.0
0.35 285.19 6.0
0.35 286.23 7.0
0.35 287.05 8.0
0.35 287.68 9.0
0.35 288.21 10.0
0.35 289.95 15.0
0.35 291.12 20.0
0.35 292.07 25.0
0.35 292.88 30.0
0.35 293.59 35.0
0.35 294.23 40.0
0.35 294.81 45.0
0.35 295.35 50.0
0.35 296.3 60.0
0.35 297.12 70.0
0.35 297.83 80.0
0.35 298.46 90.0
0.35 299.02 100.0
0.35 299.52 110.0
0.35 299.95 120.0
0.35 300.34 130.0
0.35 300.69 140.0
0.35 301.0 150.0
0.35 301.26 160.0
0.35 301.49 170.0
0.35 301.7 180.0
0.35 301.86 190.0
0.35 302.0 200.0
0.35 302.35 250.0
0.35 302.19 300.0
0.35 301.63 350.0
0.35 300.74 400.0
0.36 213.75 0.1
0.36 226.43 0.2
0.36 234.6 0.3
0.36 240.77 0.4
0.36 245.8 0.5
0.36 250.06 0.6
0.36 253.77 0.7
0.36 257.1 0.8
0.36 260.08 0.9
0.36 262.81 1.0
0.36 275.56 2.0
0.36 279.41 3.0
0.36 281.96 4.0
0.36 283.8 5.0
0.36 285.17 6.0
0.36 286.23 7.0
0.36 287.05 8.0
0.36 287.69 9.0
0.36 288.22 10.0
0.36 289.99 15.0
0.36 291.18 20.0
0.36 292.14 25.0
0.36 292.95 30.0
0.36 293.67 35.0
0.36 294.31 40.0
0.36 294.9 45.0
0.36 295.44 50.0
0.36 296.39 60.0
0.36 297.22 70.0
0.36 297.93 80.0
0.36 298.56 90.0
0.36 299.13 100.0
0.36 299.63 110.0
0.36 300.06 120.0
0.36 300.45 130.0
0.36 300.8 140.0
0.36 301.11 150.0
0.36 301.37 160.0
0.36 301.6 170.0
0.36 301.81 180.0
0.36 301.97 190.0
0.36 302.11 200.0
0.36 302.46 250.0
0.36 302.3 300.0
0.36 301.74 350.0
0.36 300.85 400.0
0.37 213.63 0.1
0.37 226.3 0.2
0.37 234.47 0.3
0.37 240.64 0.4
0.37 245.67 0.5
0.37 249.93 0.6
0.37 253.64 0.7
0.37 256.97 0.8
0.37 259.95 0.9
0.37 262.68 1.0
0.37 275.52 2.0
0.37 279.37 3.0
0.37 281.93 4.0
0.37 283.77 5.0
0.37 285.16 6.0
0.37 286.22 7.0
0.37 287.05 8.0
0.37 287.7 9.0
0.37 288.24 10.0
0.37 290.03 15.0
0.37 291.24 20.0
0.37 292.2 25.0
0.37 293.03 30.0
0.37 293.75 35.0
0.37 294.4 40.0
0.37 294.99 45.0
0.37 295.52 50.0
0.37 296.48 60.0
0.37 297.31 70.0
0.37 298.03 80.0
0.37 298.67 90.0
0.37 299.23 100.0
0.37 299.73 110.0
0.37 300.17 120.0
0.37 300.56 130.0
0.37 300.91 140.0
0.37 301.21 150.0
0.37 301.48 160.0
0.37 301.71 170.0
0.37 301.91 180.0
0.37 302.08 190.0
0.37 302.22 200.0
0.37 302.57 250.0
0.37 302.41 300.0
0.37 301.84 350.0
0.37 300.95 400.0
0.38 213.51 0.1
0.38 226.18 0.2
0.38 234.34 0.3
0.38 240.51 0.4
0.38 245.54 0.5
0.38 249.79 0.6
0.38 253.51 0.7
0.38 256.83 0.8
0.38 259.82 0.9
0.38 262.54 1.0
0.38 275.47 2.0
0.38 279.34 3.0
0.38 281.9 4.0
0.38 283.75 5.0
0.38 285.14 6.0
0.38 286.21 7.0
0.38 287.05 8.0
0.38 287.71 9.0
0.38 288.25 10.0
0.38 290.07 15.0
0.38 291.29 20.0
0.38 292.27 25.0
0.38 293.1 30.0
0.38 293.82 35.0
0.38 294.48 40.0
0.38 295.07 45.0
0.38 295.61 50.0
0.38 296.57 60.0
0.38 297.41 70.0
0.38 298.13 80.0
0.38 298.76 90.0
0.38 299.33 100.0
0.38 299.83 110.0
0.38 300.27 120.0
0.38 300.66 130.0
0.38 301.01 140.0
0.38 301.32 150.0
0.38 301.58 160.0
0.38 301.81 170.0
0.38 302.02 180.0
0.38 302.19 190.0
0.38 302.33 200.0
0.38 302.67 250.0
0.38 302.51 300.0
0.38 301.94 350.0
0.38 301.05 400.0
0.39 213.39 0.1
0.39 226.05 0.2
0.39 234.21 0.3
0.39 240.37 0.4
0.39 245.4 0.5
0.39 249.66 0.6
0.39 253.37 0.7
0.39 256.69 0.8
0.39 259.68 0.9
0.39 262.4 1.0
0.39 275.43 2.0
0.39 279.3 3.0
0.39 281.87 4.0
0.39 283.73 5.0
0.39 285.13 6.0
0.39 286.21 7.0
0.39 287.05 8.0
0.39 287.72 9.0
0.39 288.26 10.0
0.39 290.11 15.0
0.39 291.34 20.0
0.39 292.33 25.0
0.39 293.16 30.0
0.39 293.9 35.0
0.39 294.55 40.0
0.39 295.15 45.0
0.39 295.7 50.0
0.39 296.66 60.0
0.39 297.5 70.0
0.39 298.22 80.0
0.39 298.86 90.0
0.39 299.43 100.0
0.39 299.93 110.0
0.39 300.37 120.0
0.39 300.76 130.0
0.39 301.11 140.0
0.39 301.42 150.0
0.39 301.68 160.0
0.39 301.92 170.0
0.39 302.12 180.0
0.39 302.29 190.0
0.39 302.43 200.0
0.39 302.78 250.0
0.39 302.61 300.0
0.39 302.04 350.0
0.39 301.14 400.0
0.4 213.26 0.1
0.4 225.92 0.2
0.4 234.07 0.3
0.4 240.23 0.4
0.4 245.26 0.5
0.4 249.52 0.6
0.4 253.23 0.7
0.4 256.55 0.8
0.4 259.54 0.9
0.4 262.26 1.0
0.4 275.39 2.0
0.4 279.27 3.0
0.4 281.84 4.0
0.4 283.71 5.0
0.4 285.11 6.0
0.4 286.2 7.0
0.4 287.05 8.0
0.4 287.72 9.0
0.4 288.28 10.0
0.4 290.15 15.0
0.4 291.39 20.0
0.4 292.39 25.0
0.4 293.23 30.0
0.4 293.97 35.0
0.4 294.63 40.0
0.4 295.23 45.0
0.4 295.78 50.0
0.4 296.75 60.0
0.4 297.59 70.0
0.4 298.32 80.0
0.4 298.96 90.0
0.4 299.52 100.0
0.4 300.03 110.0
0.4 300.47 120.0
0.4 300.86 130.0
0.4 301.21 140.0
0.4 301.52 150.0
0.4 301.79 160.0
0.4 302.02 170.0
0.4 302.22 180.0
0.4 302.39 190.0
0.4 302.53 200.0
0.4 302.88 250.0
0.4 302.71 300.0
0.4 302.14 350.0
0.4 301.24 400.0
0.41 213.13 0.1
0.41 225.78 0.2
0.41 233.93 0.3
0.41 240.09 0.4
0.41 245.12 0.5
0.41 249.37 0.6
0.41 253.08 0.7
0.41 256.41 0.8
0.41 259.4 0.9
0.41 262.12 1.0
0.41 275.34 2.0
0.41 279.23 3.0
0.41 281.81 4.0
0.41 283.68 5.0
0.41 285.09 6.0
0.41 286.18 7.0
0.41 287.04 8.0
0.41 287.73 9.0
0.41 288.29 10.0
0.41 290.18 15.0
0.41 291.44 20.0
0.41 292.45 25.0
0.41 293.3 30.0
0.41 294.04 35.0
0.41 294.7 40.0
0.41 295.31 45.0
0.41 295.86 50.0
0.41 296.83 60.0
0.41 297.68 70.0
0.41 298.41 80.0
0.41 299.05 90.0
0.41 299.62 100.0
0.41 300.13 110.0
0.41 300.57 120.0
0.41 300.96 130.0
0.41 301.31 140.0
0.41 301.62 150.0
0.41 301.88 160.0
0.41 302.12 170.0
0.41 302.32 180.0
0.41 302.49 190.0
0.41 302.63 200.0
0.41 302.97 250.0
0.41 302.81 300.0
0.41 302.23 350.0
0.41 301.33 400.0
0.42 213.0 0.1
0.42 225.64 0.2
0.42 233.79 0.3
0.42 239.95 0.4
0.42 244.97 0.5
0.42 249.23 0.6
0.42 252.94 0.7
0.42 256.26 0.8
0.42 259.25 0.9
0.42 261.97 1.0
0.42 275.29 2.0
0.42 279.19 3.0
0.42 281.78 4.0
0.42 283.65 5.0
0.42 285.07 6.0
0.42 286.17 7.0
0.42 287.04 8.0
0.42 287.73 9.0
0.42 288.3 10.0
0.42 290.21 15.0
0.42 291.49 20.0
0.42 292.5 25.0
0.42 293.36 30.0
0.42 294.11 35.0
0.42 294.78 40.0
0.42 295.38 45.0
0.42 295.94 50.0
0.42 296.92 60.0
0.42 297.76 70.0
0.42 298.5 80.0
0.42 299.14 90.0
0.42 299.71 100.0
0.42 300.22 110.0
0.42 300.66 120.0
0.42 301.06 130.0
0.42 301.41 140.0
0.42 301.72 150.0
0.42 301.98 160.0
0.42 302.21 170.0
0.42 302.42 180.0
0.42 302.59 190.0
0.42 302.73 200.0
0.42 303.07 250.0
0.42 302.9 300.0
0.42 302.32 350.0
0.42 301.42 400.0
0.43 212.87 0.1
0.43 225.5 0.2
0.43 233.64 0.3
0.43 239.8 0.4
0.43 244.82 0.5
0.43 249.08 0.6
0.43 252.79 0.7
0.43 256.11 0.8
0.43 259.1 0.9
0.43 261.83 1.0
0.43 275.25 2.0
0.43 279.15 3.0
0.43 281.75 4.0
0.43 283.63 5.0
0.43 285.05 6.0
0.43 286.16 7.0
0.43 287.03 8.0
0.43 287.73 9.0
0.43 288.3 10.0
0.43 290.25 15.0
0.43 291.54 20.0
0.43 292.56 25.0
0.43 293.42 30.0
0.43 294.17 35.0
0.43 294.85 40.0
0.43 295.45 45.0
0.43 296.01 50.0
0.43 297.0 60.0
0.43 297.85 70.0
0.43 298.58 80.0
0.43 299.23 90.0
0.43 299.8 100.0
0.43 300.31 110.0
0.43 300.75 120.0
0.43 301.15 130.0
0.43 301.5 140.0
0.43 301.81 150.0
0.43 302.08 160.0
0.43 302.31 170.0
0.43 302.51 180.0
0.43 302.68 190.0
0.43 302.82 200.0
0.43 303.16 250.0
0.43 302.99 300.0
0.43 302.42 350.0
0.43 301.51 400.0
0.44 212.73 0.1
0.44 225.36 0.2
0.44 233.5 0.3
0.44 239.65 0.4
0.44 244.67 0.5
0.44 248.93 0.6
0.44 252.64 0.7
0.44 255.96 0.8
0.44 258.95 0.9
0.44 261.68 1.0
0.44 275.2 2.0
0.44 279.11 3.0
0.44 281.71 4.0
0.44 283.6 5.0
0.44 285.03 6.0
0.44 286.14 7.0
0.44 287.02 8.0
0.44 287.73 9.0
0.44 288.31 10.0
0.44 290.27 15.0
0.44 291.58 20.0
0.44 292.61 25.0
0.44 293.48 30.0
0.44 294.24 35.0
0.44 294.92 40.0
0.44 295.53 45.0
0.44 296.09 50.0
0.44 297.08 60.0
0.44 297.93 70.0
0.44 298.67 80.0
0.44 299.31 90.0
0.44 299.89 100.0
0.44 300.4 110.0
0.44 300.85 120.0
0.44 301.24 130.0
0.44 301.59 140.0
0.44 301.9 150.0
0.44 302.17 160.0
0.44 302.4 170.0
0.44 302.61 180.0
0.44 302.78 190.0
0.44 302.91 200.0
0.44 303.26 250.0
0.44 303.08 300.0
0.44 302.5 350.0
0.44 301.59 400.0
0.45 212.59 0.1
0.45 225.21 0.2
0.45 233.35 0.3
0.45 239.5 0.4
0.45 244.52 0.5
0.45 248.78 0.6
0.45 252.48 0.7
0.45 255.8 0.8
0.45 258.8 0.9
0.45 261.52 1.0
0.45 275.15 2.0
0.45 279.07 3.0
0.45 281.68 4.0
0.45 283.57 5.0
0.45 285.01 6.0
0.45 286.13 7.0
0.45 287.01 8.0
0.45 287.73 9.0
0.45 288.31 10.0
0.45 290.3 15.0
0.45 291.62 20.0
0.45 292.66 25.0
0.45 293.54 30.0
0.45 294.3 35.0
0.45 294.98 40.0
0.45 295.6 45.0
0.45 296.16 50.0
0.45 297.15 60.0
0.45 298.01 70.0
0.45 298.75 80.0
0.45 299.4 90.0
0.45 299.98 100.0
0.45 300.49 110.0
0.45 300.93 120.0
0.45 301.33 130.0
0.45 301.68 140.0
0.45 302.0 150.0
0.45 302.26 160.0
0.45 302.49 170.0
0.45 302.7 180.0
0.45 302.87 190.0
0.45 303.01 200.0
0.45 303.35 250.0
0.45 303.17 300.0
0.45 302.59 350.0
0.45 301.68 400.0
0.46 212.45 0.1
0.46 225.07 0.2
0.46 233.19 0.3
0.46 239.35 0.4
0.46 244.36 0.5
0.46 248.62 0.6
0.46 252.33 0.7
0.46 255.64 0.8
0.46 258.64 0.9
0.46 261.37 1.0
0.46 275.1 2.0
0.46 279.02 3.0
0.46 281.64 4.0
0.46 283.54 5.0
0.46 284.98 6.0
0.46 286.11 7.0
0.46 287.0 8.0
0.46 287.72 9.0
0.46 288.32 10.0
0.46 290.33 15.0
0.46 291.66 20.0
0.46 292.71 25.0
0.46 293.59 30.0
0.46 294.36 35.0
0.46 295.05 40.0
0.46 295.67 45.0
0.46 296.23 50.0
0.46 297.23 60.0
0.46 298.09 70.0
0.46 298.83 80.0
0.46 299.48 90.0
0.46 300.06 100.0
0.46 300.57 110.0
0.46 301.02 120.0
0.46 301.42 130.0
0.46 301.77 140.0
0.46 302.08 150.0
0.46 302.35 160.0
0.46 302.58 170.0
0.46 302.79 180.0
0.46 302.96 190.0
0.46 303.1 200.0
0.46 303.43 250.0
0.46 303.26 300.0
0.46 302.68 350.0
0.46 301.76 400.0
0.47 212.3 0.1
0.47 224.91 0.2
0.47 233.04 0.3
0.47 239.19 0.4
0.47 244.2 0.5
0.47 248.46 0.6
0.47 252.17 0.7
0.47 255.48 0.8
0.47 258.48 0.9
0.47 261.21 1.0
0.47 275.04 2.0
0.47 278.98 3.0
0.47 281.6 4.0
0.47 283.51 5.0
0.47 284.96 6.0
0.47 286.09 7.0
0.47 286.99 8.0
0.47 287.72 9.0
0.47 288.32 10.0
0.47 290.36 15.0
0.47 291.7 20.0
0.47 292.76 25.0
0.47 293.65 30.0
0.47 294.42 35.0
0.47 295.11 40.0
0.47 295.73 45.0
0.47 296.3 50.0
0.47 297.3 60.0
0.47 298.17 70.0
0.47 298.91 80.0
0.47 299.56 90.0
0.47 300.14 100.0
0.47 300.66 110.0
0.47 301.11 120.0
0.47 301.5 130.0
0.47 301.86 140.0
0.47 302.17 150.0
0.47 302.44 160.0
0.47 302.67 170.0
0.47 302.87 180.0
0.47 303.05 190.0
0.47 303.18 200.0
0.47 303.52 250.0
0.47 303.35 300.0
0.47 302.76 350.0
0.47 301.85 400.0
0.48 212.15 0.1
0.48 224.76 0.2
0.48 232.88 0.3
0.48 239.03 0.4
0.48 244.04 0.5
0.48 248.3 0.6
0.48 252.0 0.7
0.48 255.32 0.8
0.48 258.32 0.9
0.48 261.04 1.0
0.48 274.99 2.0
0.48 278.93 3.0
0.48 281.56 4.0
0.48 283.47 5.0
0.48 284.93 6.0
0.48 286.07 7.0
0.48 286.98 8.0
0.48 287.71 9.0
0.48 288.32 10.0
0.48 290.38 15.0
0.48 291.74 20.0
0.48 292.81 25.0
0.48 293.7 30.0
0.48 294.48 35.0
0.48 295.17 40.0
0.48 295.8 45.0
0.48 296.37 50.0
0.48 297.37 60.0
0.48 298.24 70.0
0.48 298.99 80.0
0.48 299.64 90.0
0.48 300.22 100.0
0.48 300.74 110.0
0.48 301.19 120.0
0.48 301.59 130.0
0.48 301.94 140.0
0.48 302.26 150.0
0.48 302.52 160.0
0.48 302.76 170.0
0.48 302.96 180.0
0.48 303.13 190.0
0.48 303.27 200.0
0.48 303.61 250.0
0.48 303.43 300.0
0.48 302.85 350.0
0.48 301.93 400.0
0.49 212.0 0.1
0.49 224.6 0.2
0.49 232.72 0.3
0.49 238.87 0.4
0.49 243.87 0.5
0.49 248.13 0.6
0.49 251.84 0.7
0.49 255.15 0.8
0.49 258.16 0.9
0.49 260.88 1.0
0.49 274.94 2.0
0.49 278.89 3.0
0.49 281.52 4.0
0.49 283.44 5.0
0.49 284.9 6.0
0.49 286.05 7.0
0.49 286.96 8.0
0.49 287.71 9.0
0.49 288.32 10.0
0.49 290.4 15.0
0.49 291.78 20.0
0.49 292.85 25.0
0.49 293.75 30.0
0.49 294.54 35.0
0.49 295.23 40.0
0.49 295.86 45.0
0.49 296.43 50.0
0.49 297.45 60.0
0.49 298.32 70.0
0.49 299.07 80.0
0.49 299.72 90.0
0.49 300.3 100.0
0.49 300.82 110.0
0.49 301.27 120.0
0.49 301.67 130.0
0.49 302.03 140.0
0.49 302.34 150.0
0.49 302.61 160.0
0.49 302.84 170.0
0.49 303.05 180.0
0.49 303.22 190.0
0.49 303.35 200.0
0.49 303.69 250.0
0.49 303.52 300.0
0.49 302.93 350.0
0.49 302.01 400.0
0.5 211.85 0.1
0.5 224.44 0.2
0.5 232.55 0.3
0.5 238.7 0.4
0.5 243.7 0.5
0.5 247.97 0.6
0.5 251.67 0.7
0.5 254.98 0.8
0.5 257.99 0.9
0.5 260.71 1.0
0.5 274.88 2.0
0.5 278.84 3.0
0.5 281.48 4.0
0.5 283.41 5.0
0.5 284.88 6.0
0.5 286.03 7.0
0.5 286.95 8.0
0.5 287.7 9.0
0.5 288.32 10.0
0.5 290.42 15.0
0.5 291.81 20.0
0.5 292.9 25.0
0.5 293.8 30.0
0.5 294.59 35.0
0.5 295.29 40.0
0.5 295.93 45.0
0.5 296.5 50.0
0.5 297.51 60.0
0.5 298.39 70.0
0.5 299.14 80.0
0.5 299.8 90.0
0.5 300.38 100.0
0.5 300.9 110.0
0.5 301.35 120.0
0.5 301.75 130.0
0.5 302.11 140.0
0.5 302.42 150.0
0.5 302.69 160.0
0.5 302.92 170.0
0.5 303.13 180.0
0.5 303.3 190.0
0.5 303.44 200.0
0.5 303.78 250.0
0.5 303.6 300.0
0.5 303.01 350.0
0.5 302.08 400.0
0.51 211.69 0.1
0.51 224.28 0.2
0.51 232.38 0.3
0.51 238.53 0.4
0.51 243.53 0.5
0.51 247.79 0.6
0.51 251.49 0.7
0.51 254.81 0.8
0.51 257.81 0.9
0.51 260.54 1.0
0.51 274.83 2.0
0.51 278.79 3.0
0.51 281.44 4.0
0.51 283.37 5.0
0.51 284.85 6.0
0.51 286.0 7.0
0.51 286.93 8.0
0.51 287.69 9.0
0.51 288.32 10.0
0.51 290.44 15.0
0.51 291.85 20.0
0.51 292.94 25.0
0.51 293.85 30.0
0.51 294.65 35.0
0.51 295.35 40.0
0.51 295.99 45.0
0.51 296.56 50.0
0.51 297.58 60.0
0.51 298.46 70.0
0.51 299.22 80.0
0.51 299.88 90.0
0.51 300.46 100.0
0.51 300.98 110.0
0.51 301.43 120.0
0.51 301.83 130.0
0.51 302.19 140.0
0.51 302.5 150.0
0.51 302.77 160.0
0.51 303.01 170.0
0.51 303.21 180.0
0.51 303.38 190.0
0.51 303.52 200.0
0.51 303.86 250.0
0.51 303.68 300.0
0.51 303.09 350.0
0.51 302.16 400.0
0.52 211.53 0.1
0.52 224.11 0.2
0.52 232.21 0.3
0.52 238.36 0.4
0.52 243.36 0.5
0.52 247.62 0.6
0.52 251.32 0.7
0.52 254.63 0.8
0.52 257.64 0.9
0.52 260.36 1.0
0.52 274.77 2.0
0.52 278.74 3.0
0.52 281.4 4.0
0.52 283.33 5.0
0.52 284.82 6.0
0.52 285.98 7.0
0.52 286.91 8.0
0.52 287.68 9.0
0.52 288.31 10.0
0.52 290.46 15.0
0.52 291.88 20.0
0.52 292.98 25.0
0.52 293.9 30.0
0.52 294.7 35.0
0.52 295.41 40.0
0.52 296.05 45.0
0.52 296.63 50.0
0.52 297.65 60.0
0.52 298.53 70.0
0.52 299.29 80.0
0.52 299.95 90.0
0.52 300.54 100.0
0.52 301.06 110.0
0.52 301.51 120.0
0.52 301.91 130.0
0.52 302.27 140.0
0.52 302.58 150.0
0.52 302.85 160.0
0.52 303.09 170.0
0.52 303.29 180.0
0.52 303.46 190.0
0.52 303.6 200.0
0.52 303.94 250.0
0.52 303.76 300.0
0.52 303.16 350.0
0.52 302.24 400.0
0.53 211.37 0.1
0.53 223.94 0.2
0.53 232.03 0.3
0.53 238.18 0.4
0.53 243.18 0.5
0.53 247.44 0.6
0.53 251.14 0.7
0.53 254.45 0.8
0.53 257.46 0.9
0.53 260.18 1.0
0.53 274.71 2.0
0.53 278.69 3.0
0.53 281.35 4.0
0.53 283.3 5.0
0.53 284.78 6.0
0.53 285.96 7.0
0.53 286.9 8.0
0.53 287.67 9.0
0.53 288.31 10.0
0.53 290.48 15.0
0.53 291.91 20.0
0.53 293.02 25.0
0.53 293.95 30.0
0.53 294.75 35.0
0.53 295.46 40.0
0.53 296.11 45.0
0.53 296.69 50.0
0.53 297.72 60.0
0.53 298.6 70.0
0.53 299.36 80.0
0.53 300.03 90.0
0.53 300.61 100.0
0.53 301.13 110.0
0.53 301.59 120.0
0.53 301.99 130.0
0.53 302.35 140.0
0.53 302.66 150.0
0.53 302.93 160.0
0.53 303.16 170.0
0.53 303.37 180.0
0.53 303.54 190.0
0.53 303.68 200.0
0.53 304.02 250.0
0.53 303.84 300.0
0.53 303.24 350.0
0.53 302.31 400.0
0.54 211.2 0.1
0.54 223.76 0.2
0.54 231.86 0.3
0.54 238.0 0.4
0.54 242.99 0.5
0.54 247.26 0.6
0.54 250.96 0.7
0.54 254.27 0.8
0.54 257.28 0.9
0.54 260.0 1.0
0.54 274.65 2.0
0.54 278.64 3.0
0.54 281.31 4.0
0.54 283.26 5.0
0.54 284.75 6.0
0.54 285.93 7.0
0.54 286.88 8.0
0.54 287.65 9.0
0.54 288.3 10.0
0.54 290.5 15.0
0.54 291.94 20.0
0.54 293.06 25.0
0.54 293.99 30.0
0.54 294.8 35.0
0.54 295.52 40.0
0.54 296.16 45.0
0.54 296.75 50.0
0.54 297.78 60.0
0.54 298.67 70.0
0.54 299.43 80.0
0.54 300.1 90.0
0.54 300.68 100.0
0.54 301.21 110.0
0.54 301.67 120.0
0.54 302.07 130.0
0.54 302.42 140.0
0.54 302.74 150.0
0.54 303.01 160.0
0.54 303.24 170.0
0.54 303.45 180.0
0.54 303.62 190.0
0.54 303.76 200.0
0.54 304.09 250.0
0.54 303.91 300.0
0.54 303.31 350.0
0.54 302.38 400.0
0.55 211.03 0.1
0.55 223.58 0.2
0.55 231.67 0.3
0.55 237.81 0.4
0.55 242.81 0.5
0.55 247.07 0.6
0.55 250.77 0.7
0.55 254.08 0.8
0.55 257.09 0.9
0.55 259.82 1.0
0.55 274.59 2.0
0.55 278.59 3.0
0.55 281.26 4.0
0.55 283.22 5.0
0.55 284.72 6.0
0.55 285.9 7.0
0.55 286.86 8.0
0.55 287.64 9.0
0.55 288.29 10.0
0.55 290.51 15.0
0.55 291.97 20.0
0.55 293.1 25.0
0.55 294.04 30.0
0.55 294.85 35.0
0.55 295.57 40.0
0.55 296.22 45.0
0.55 296.81 50.0
0.55 297.84 60.0
0.55 298.73 70.0
0.55 299.5 80.0
0.55 300.17 90.0
0.55 300.76 100.0
0.55 301.28 110.0
0.55 301.74 120.0
0.55 302.14 130.0
0.55 302.5 140.0
0.55 302.82 150.0
0.55 303.09 160.0
0.55 303.32 170.0
0.55 303.52 180.0
0.55 303.7 190.0
0.55 303.84 200.0
0.55 304.17 250.0
0.55 303.99 300.0
0.55 303.39 350.0
0.55 302.46 400.0
0.56 210.85 0.1
0.56 223.4 0.2
0.56 231.49 0.3
0.56 237.63 0.4
0.56 242.62 0.5
0.56 246.88 0.6
0.56 250.58 0.7
0.56 253.89 0.8
0.56 256.9 0.9
0.56 259.63 1.0
0.56 274.52 2.0
0.56 278.53 3.0
0.56 281.21 4.0
0.56 283.18 5.0
0.56 284.68 6.0
0.56 285.87 7.0
0.56 286.83 8.0
0.56 287.62 9.0
0.56 288.28 10.0
0.56 290.53 15.0
0.56 292.0 20.0
0.56 293.14 25.0
0.56 294.08 30.0
0.56 294.9 35.0
0.56 295.62 40.0
0.56 296.27 45.0
0.56 296.87 50.0
0.56 297.91 60.0
0.56 298.8 70.0
0.56 299.57 80.0
0.56 300.24 90.0
0.56 300.83 100.0
0.56 301.35 110.0
0.56 301.81 120.0
0.56 302.22 130.0
0.56 302.57 140.0
0.56 302.89 150.0
0.56 303.16 160.0
0.56 303.39 170.0
0.56 303.6 180.0
0.56 303.78 190.0
0.56 303.91 200.0
0.56 304.24 250.0
0.56 304.06 300.0
0.56 303.46 350.0
0.56 302.53 400.0
0.57 210.67 0.1
0.57 223.21 0.2
0.57 231.3 0.3
0.57 237.44 0.4
0.57 242.43 0.5
0.57 246.69 0.6
0.57 250.39 0.7
0.57 253.7 0.8
0.57 256.71 0.9
0.57 259.43 1.0
0.57 274.46 2.0
0.57 278.48 3.0
0.57 281.16 4.0
0.57 283.13 5.0
0.57 284.65 6.0
0.57 285.84 7.0
0.57 286.81 8.0
0.57 287.61 9.0
0.57 288.27 10.0
0.57 290.54 15.0
0.57 292.02 20.0
0.57 293.17 25.0
0.57 294.12 30.0
0.57 294.95 35.0
0.57 295.68 40.0
0.57 296.33 45.0
0.57 296.92 50.0
0.57 297.97 60.0
0.57 298.86 70.0
0.57 299.64 80.0
0.57 300.31 90.0
0.57 300.9 100.0
0.57 301.42 110.0
0.57 301.89 120.0
0.57 302.29 130.0
0.57 302.65 140.0
0.57 302.96 150.0
0.57 303.24 160.0
0.57 303.47 170.0
0.57 303.67 180.0
0.57 303.85 190.0
0.57 303.99 200.0
0.57 304.32 250.0
0.57 304.14 300.0
0.57 303.53 350.0
0.57 302.6 400.0
0.58 210.49 0.1
0.58 223.02 0.2
0.58 231.1 0.3
0.58 237.24 0.4
0.58 242.23 0.5
0.58 246.49 0.6
0.58 250.19 0.7
0.58 253.5 0.8
0.58 256.51 0.9
0.58 259.24 1.0
0.58 274.4 2.0
0.58 278.42 3.0
0.58 281.11 4.0
0.58 283.09 5.0
0.58 284.61 6.0
0.58 285.81 7.0
0.58 286.79 8.0
0.58 287.59 9.0
0.58 288.26 10.0
0.58 290.55 15.0
0.58 292.05 20.0
0.58 293.21 25.0
0.58 294.17 30.0
0.58 294.99 35.0
0.58 295.73 40.0
0.58 296.38 45.0
0.58 296.98 50.0
0.58 298.03 60.0
0.58 298.92 70.0
0.58 299.7 80.0
0.58 300.37 90.0
0.58 300.97 100.0
0.58 301.49 110.0
0.58 301.96 120.0
0.58 302.36 130.0
0.58 302.72 140.0
0.58 303.04 150.0
0.58 303.31 160.0
0.58 303.54 170.0
0.58 303.75 180.0
0.58 303.92 190.0
0.58 304.06 200.0
0.58 304.39 250.0
0.58 304.21 300.0
0.58 303.6 350.0
0.58 302.67 400.0
0.59 210.31 0.1
0.59 222.83 0.2
0.59 230.91 0.3
0.59 237.04 0.4
0.59 242.03 0.5
0.59 246.29 0.6
0.59 249.99 0.7
0.59 253.3 0.8
0.59 256.31 0.9
0.59 259.04 1.0
0.59 274.33 2.0
0.59 278.36 3.0
0.59 281.06 4.0
0.59 283.05 5.0
0.59 284.57 6.0
0.59 285.78 7.0
0.59 286.76 8.0
0.59 287.57 9.0
0.59 288.25 10.0
0.59 290.57 15.0
0.59 292.07 20.0
0.59 293.24 25.0
0.59 294.21 30.0
0.59 295.04 35.0
0.59 295.77 40.0
0.59 296.43 45.0
0.59 297.03 50.0
0.59 298.09 60.0
0.59 298.99 70.0
0.59 299.77 80.0
0.59 300.44 90.0
0.59 301.04 100.0
0.59 301.56 110.0
0.59 302.03 120.0
0.59 302.43 130.0
0.59 302.79 140.0
0.59 303.11 150.0
0.59 303.38 160.0
0.59 303.61 170.0
0.59 303.82 180.0
0.59 304.0 190.0
0.59 304.13 200.0
0.59 304.46 250.0
0.59 304.28 300.0
0.59 303.67 350.0
0.59 302.73 400.0
0.6 210.12 0.1
0.6 222.63 0.2
0.6 230.7 0.3
0.6 236.84 0.4
0.6 241.82 0.5
0.6 246.09 0.6
0.6 249.78 0.7
0.6 253.09 0.8
0.6 256.1 0.9
0.6 258.84 1.0
0.6 274.26 2.0
0.6 278.3 3.0
0.6 281.01 4.0
0.6 283.0 5.0
0.6 284.53 6.0
0.6 285.75 7.0
0.6 286.73 8.0
0.6 287.55 9.0
0.6 288.24 10.0
0.6 290.58 15.0
0.6 292.1 20.0
0.6 293.27 25.0
0.6 294.24 30.0
0.6 295.08 35.0
0.6 295.82 40.0
0.6 296.49 45.0
0.6 297.09 50.0
0.6 298.14 60.0
0.6 299.05 70.0
0.6 299.83 80.0
0.6 300.5 90.0
0.6 301.1 100.0
0.6 301.63 110.0
0.6 302.1 120.0
0.6 302.5 130.0
0.6 302.86 140.0
0.6 303.18 150.0
0.6 303.45 160.0
0.6 303.69 170.0
0.6 303.89 180.0
0.6 304.07 190.0
0.6 304.21 200.0
0.6 304.54 250.0
0.6 304.35 300.0
0.6 303.74 350.0
0.6 302.8 400.0
0.61 209.92 0.1
0.61 222.43 0.2
0.61 230.5 0.3
0.61 236.63 0.4
0.61 241.62 0.5
0.61 245.88 0.6
0.61 249.58 0.7
0.61 252.88 0.8
0.61 255.89 0.9
0.61 258.63 1.0
0.61 274.19 2.0
0.61 278.24 3.0
0.61 280.96 4.0
0.61 282.95 5.0
0.61 284.49 6.0
0.61 285.71 7.0
0.61 286.71 8.0
0.61 287.53 9.0
0.61 288.22 10.0
0.61 290.58 15.0
0.61 292.12 20.0
0.61 293.3 25.0
0.61 294.28 30.0
0.61 295.13 35.0
0.61 295.87 40.0
0.61 296.54 45.0
0.61 297.14 50.0
0.61 298.2 60.0
0.61 299.11 70.0
0.61 299.89 80.0
0.61 300.57 90.0
0.61 301.17 100.0
0.61 301.7 110.0
0.61 302.16 120.0
0.61 302.57 130.0
0.61 302.93 140.0
0.61 303.25 150.0
0.61 303.52 160.0
0.61 303.76 170.0
0.61 303.96 180.0
0.61 304.14 190.0
0.61 304.28 200.0
0.61 304.61 250.0
0.61 304.42 300.0
0.61 303.81 350.0
0.61 302.87 400.0
0.62 209.72 0.1
0.62 222.22 0.2
0.62 230.29 0.3
0.62 236.42 0.4
0.62 241.4 0.5
0.62 245.67 0.6
0.62 249.36 0.7
0.62 252.67 0.8
0.62 255.68 0.9
0.62 258.42 1.0
0.62 274.12 2.0
0.62 278.18 3.0
0.62 280.9 4.0
0.62 282.91 5.0
0.62 284.45 6.0
0.62 285.68 7.0
0.62 286.68 8.0
0.62 287.51 9.0
0.62 288.2 10.0
0.62 290.59 15.0
0.62 292.14 20.0
0.62 293.33 25.0
0.62 294.32 30.0
0.62 295.17 35.0
0.62 295.92 40.0
0.62 296.58 45.0
0.62 297.19 50.0
0.62 298.26 60.0
0.62 299.17 70.0
0.62 299.95 80.0
0.62 300.63 90.0
0.62 301.23 100.0
0.62 301.76 110.0
0.62 302.23 120.0
0.62 302.64 130.0
0.62 303.0 140.0
0.62 303.32 150.0
0.62 303.59 160.0
0.62 303.83 170.0
0.62 304.03 180.0
0.62 304.21 190.0
0.62 304.35 200.0
0.62 304.68 250.0
0.62 304.49 300.0
0.62 303.88 350.0
0.62 302.93 400.0
0.63 209.52 0.1
0.63 222.01 0.2
0.63 230.07 0.3
0.63 236.21 0.4
0.63 241.19 0.5
0.63 245.45 0.6
0.63 249.15 0.7
0.63 252.45 0.8
0.63 255.46 0.9
0.63 258.2 1.0
0.63 274.05 2.0
0.63 278.12 3.0
0.63 280.85 4.0
0.63 282.86 5.0
0.63 284.41 6.0
0.63 285.64 7.0
0.63 286.65 8.0
0.63 287.48 9.0
0.63 288.19 10.0
0.63 290.6 15.0
0.63 292.16 20.0
0.63 293.36 25.0
0.63 294.36 30.0
0.63 295.21 35.0
0.63 295.96 40.0
0.63 296.63 45.0
0.63 297.24 50.0
0.63 298.31 60.0
0.63 299.22 70.0
0.63 300.02 80.0
0.63 300.7 90.0
0.63 301.3 100.0
0.63 301.83 110.0
0.63 302.3 120.0
0.63 302.7 130.0
0.63 303.06 140.0
0.63 303.38 150.0
0.63 303.66 160.0
0.63 303.89 170.0
0.63 304.1 180.0
0.63 304.28 190.0
0.63 304.41 200.0
0.63 304.74 250.0
0.63 304.56 300.0
0.63 303.94 350.0
0.63 303.0 400.0
0.64 209.31 0.1
0.64 221.79 0.2
0.64 229.85 0.3
0.64 235.99 0.4
0.64 240.96 0.5
0.64 245.23 0.6
0.64 248.92 0.7
0.64 252.23 0.8
0.64 255.24 0.9
0.64 257.98 1.0
0.64 273.98 2.0
0.64 278.05 3.0
0.64 280.79 4.0
0.64 282.81 5.0
0.64 284.36 6.0
0.64 285.6 7.0
0.64 286.62 8.0
0.64 287.46 9.0
0.64 288.17 10.0
0.64 290.6 15.0
0.64 292.18 20.0
0.64 293.39 25.0
0.64 294.39 30.0
0.64 295.25 35.0
0.64 296.01 40.0
0.64 296.68 45.0
0.64 297.29 50.0
0.64 298.36 60.0
0.64 299.28 70.0
0.64 300.07 80.0
0.64 300.76 90.0
0.64 301.36 100.0
0.64 301.89 110.0
0.64 302.36 120.0
0.64 302.77 130.0
0.64 303.13 140.0
0.64 303.45 150.0
0.64 303.73 160.0
0.64 303.96 170.0
0.64 304.17 180.0
0.64 304.34 190.0
0.64 304.48 200.0
0.64 304.81 250.0
0.64 304.62 300.0
0.64 304.01 350.0
0.64 303.06 400.0
0.65 209.1 0.1
0.65 221.57 0.2
0.65 229.63 0.3
0.65 235.76 0.4
0.65 240.74 0.5
0.65 245.0 0.6
0.65 248.7 0.7
0.65 252.01 0.8
0.65 255.01 0.9
0.65 257.76 1.0
0.65 273.91 2.0
0.65 277.99 3.0
0.65 280.73 4.0
0.65 282.75 5.0
0.65 284.32 6.0
0.65 285.57 7.0
0.65 286.58 8.0
0.65 287.43 9.0
0.65 288.15 10.0
0.65 290.61 15.0
0.65 292.2 20.0
0.65 293.42 25.0
0.65 294.43 30.0
0.65 295.29 35.0
0.65 296.05 40.0
0.65 296.73 45.0
0.65 297.34 50.0
0.65 298.42 60.0
0.65 299.34 70.0
0.65 300.13 80.0
0.65 300.82 90.0
0.65 301.42 100.0
0.65 301.96 110.0
0.65 302.43 120.0
0.65 302.83 130.0
0.65 303.2 140.0
0.65 303.52 150.0
0.65 303.79 160.0
0.65 304.03 170.0
0.65 304.23 180.0
0.65 304.41 190.0
0.65 304.55 200.0
0.65 304.88 250.0
0.65 304.69 300.0
0.65 304.07 350.0
0.65 303.12 400.0
0.66 208.88 0.1
0.66 221.35 0.2
0.66 229.4 0.3
0.66 235.53 0.4
0.66 240.51 0.5
0.66 244.77 0.6
0.66 248.47 0.7
0.66 251.78 0.8
0.66 254.78 0.9
0.66 257.53 1.0
0.66 273.83 2.0
0.66 277.92 3.0
0.66 280.67 4.0
0.66 282.7 5.0
0.66 284.27 6.0
0.66 285.53 7.0
0.66 286.55 8.0
0.66 287.4 9.0
0.66 288.13 10.0
0.66 290.61 15.0
0.66 292.22 20.0
0.66 293.45 25.0
0.66 294.46 30.0
0.66 295.33 35.0
0.66 296.09 40.0
0.66 296.77 45.0
0.66 297.39 50.0
0.66 298.47 60.0
0.66 299.39 70.0
0.66 300.19 80.0
0.66 300.88 90.0
0.66 301.48 100.0
0.66 302.02 110.0
0.66 302.49 120.0
0.66 302.9 130.0
0.66 303.26 140.0
0.66 303.58 150.0
0.66 303.86 160.0
0.66 304.09 170.0
0.66 304.3 180.0
0.66 304.48 190.0
0.66 304.62 200.0
0.66 304.94 250.0
0.66 304.75 300.0
0.66 304.14 350.0
0.66 303.19 400.0
0.67 208.66 0.1
0.67 221.11 0.2
0.67 229.17 0.3
0.67 235.3 0.4
0.67 240.27 0.5
0.67 244.53 0.6
0.67 248.23 0.7
0.67 251.54 0.8
0.67 254.55 0.9
0.67 257.3 1.0
0.67 273.75 2.0
0.67 277.85 3.0
0.67 280.61 4.0
0.67 282.65 5.0
0.67 284.22 6.0
0.67 285.48 7.0
0.67 286.52 8.0
0.67 287.38 9.0
0.67 288.11 10.0
0.67 290.61 15.0
0.67 292.23 20.0
0.67 293.47 25.0
0.67 294.49 30.0
0.67 295.36 35.0
0.67 296.13 40.0
0.67 296.82 45.0
0.67 297.44 50.0
0.67 298.52 60.0
0.67 299.45 70.0
0.67 300.25 80.0
0.67 300.94 90.0
0.67 301.54 100.0
0.67 302.08 110.0
0.67 302.55 120.0
0.67 302.96 130.0
0.67 303.32 140.0
0.67 303.65 150.0
0.67 303.92 160.0
0.67 304.16 170.0
0.67 304.36 180.0
0.67 304.54 190.0
0.67 304.68 200.0
0.67 305.01 250.0
0.67 304.82 300.0
0.67 304.2 350.0
0.67 303.25 400.0
0.68 208.43 0.1
0.68 220.88 0.2
0.68 228.93 0.3
0.68 235.06 0.4
0.68 240.03 0.5
0.68 244.29 0.6
0.68 247.99 0.7
0.68 251.3 0.8
0.68 254.31 0.9
0.68 257.06 1.0
0.68 273.67 2.0
0.68 277.78 3.0
0.68 280.55 4.0
0.68 282.59 5.0
0.68 284.18 6.0
0.68 285.44 7.0
0.68 286.48 8.0
0.68 287.35 9.0
0.68 288.08 10.0
0.68 290.61 15.0
0.68 292.25 20.0
0.68 293.5 25.0
0.68 294.52 30.0
0.68 295.4 35.0
0.68 296.17 40.0
0.68 296.86 45.0
0.68 297.48 50.0
0.68 298.57 60.0
0.68 299.5 70.0
0.68 300.3 80.0
0.68 301.0 90.0
0.68 301.6 100.0
0.68 302.14 110.0
0.68 302.61 120.0
0.68 303.03 130.0
0.68 303.39 140.0
0.68 303.71 150.0
0.68 303.99 160.0
0.68 304.22 170.0
0.68 304.43 180.0
0.68 304.61 190.0
0.68 304.75 200.0
0.68 305.07 250.0
0.68 304.88 300.0
0.68 304.26 350.0
0.68 303.31 400.0
0.69 208.19 0.1
0.69 220.64 0.2
0.69 228.69 0.3
0.69 234.82 0.4
0.69 239.78 0.5
0.69 244.04 0.6
0.69 247.75 0.7
0.69 251.06 0.8
0.69 254.06 0.9
0.69 256.82 1.0
0.69 273.59 2.0
0.69 277.71 3.0
0.69 280.49 4.0
0.69 282.54 5.0
0.69 284.13 6.0
0.69 285.4 7.0
0.69 286.44 8.0
0.69 287.32 9.0
0.69 288.06 10.0
0.69 290.61 15.0
0.69 292.26 20.0
0.69 293.52 25.0
0.69 294.55 30.0
0.69 295.44 35.0
0.69 296.21 40.0
0.69 296.9 45.0
0.69 297.53 50.0
0.69 298.62 60.0
0.69 299.55 70.0
0.69 300.36 80.0
0.69 301.05 90.0
0.69 301.66 100.0
0.69 302.2 110.0
0.69 302.68 120.0
0.69 303.09 130.0
0.69 303.45 140.0
0.69 303.77 150.0
0.69 304.05 160.0
0.69 304.29 170.0
0.69 304.49 180.0
0.69 304.67 190.0
0.69 304.81 200.0
0.69 305.14 250.0
0.69 304.95 300.0
0.69 304.32 350.0
0.69 303.37 400.0
0.7 207.95 0.1
0.7 220.39 0.2
0.7 228.44 0.3
0.7 234.57 0.4
0.7 239.53 0.5
0.7 243.79 0.6
0.7 247.5 0.7
0.7 250.81 0.8
0.7 253.81 0.9
0.7 256.57 1.0
0.7 273.51 2.0
0.7 277.64 3.0
0.7 280.42 4.0
0.7 282.48 5.0
0.7 284.08 6.0
0.7 285.36 7.0
0.7 286.41 8.0
0.7 287.29 9.0
0.7 288.03 10.0
0.7 290.61 15.0
0.7 292.28 20.0
0.7 293.54 25.0
0.7 294.58 30.0
0.7 295.47 35.0
0.7 296.25 40.0
0.7 296.95 45.0
0.7 297.57 50.0
0.7 298.67 60.0
0.7 299.61 70.0
0.7 300.41 80.0
0.7 301.11 90.0
0.7 301.72 100.0
0.7 302.26 110.0
0.7 302.74 120.0
0.7 303.15 130.0
0.7 303.51 140.0
0.7 303.83 150.0
0.7 304.11 160.0
0.7 304.35 170.0
0.7 304.56 180.0
0.7 304.73 190.0
0.7 304.87 200.0
0.7 305.2 250.0
0.7 305.01 300.0
0.7 304.39 350.0
0.7 303.43 400.0
0.71 207.71 0.1
0.71 220.13 0.2
0.71 228.18 0.3
0.71 234.31 0.4
0.71 239.28 0.5
0.71 243.53 0.6
0.71 247.25 0.7
0.71 250.55 0.8
0.71 253.56 0.9
0.71 256.32 1.0
0.71 273.43 2.0
0.71 277.57 3.0
0.71 280.36 4.0
0.71 282.42 5.0
0.71 284.02 6.0
0.71 285.31 7.0
0.71 286.37 8.0
0.71 287.25 9.0
0.71 288.01 10.0
0.71 290.61 15.0
0.71 292.29 20.0
0.71 293.56 25.0
0.71 294.61 30.0
0.71 295.51 35.0
0.71 296.29 40.0
0.71 296.99 45.0
0.71 297.62 50.0
0.71 298.72 60.0
0.71 299.66 70.0
0.71 300.47 80.0
0.71 301.17 90.0
0.71 301.78 100.0
0.71 302.32 110.0
0.71 302.8 120.0
0.71 303.21 130.0
0.71 303.57 140.0
0.71 303.9 150.0
0.71 304.18 160.0
0.71 304.41 170.0
0.71 304.62 180.0
0.71 304.8 190.0
0.71 304.94 200.0
0.71 305.26 250.0
0.71 305.07 300.0
0.71 304.45 350.0
0.71 303.49 400.0
0.72 207.45 0.1
0.72 219.87 0.2
0.72 227.92 0.3
0.72 234.05 0.4
0.72 239.01 0.5
0.72 243.27 0.6
0.72 246.98 0.7
0.72 250.29 0.8
0.72 253.3 0.9
0.72 256.06 1.0
0.72 273.34 2.0
0.72 277.49 3.0
0.72 280.29 4.0
0.72 282.36 5.0
0.72 283.97 6.0
0.72 285.26 7.0
0.72 286.33 8.0
0.72 287.22 9.0
0.72 287.98 10.0
0.72 290.61 15.0
0.72 292.3 20.0
0.72 293.59 25.0
0.72 294.64 30.0
0.72 295.54 35.0
0.72 296.33 40.0
0.72 297.03 45.0
0.72 297.66 50.0
0.72 298.77 60.0
0.72 299.71 70.0
0.72 300.52 80.0
0.72 301.22 90.0
0.72 301.83 100.0
0.72 302.37 110.0
0.72 302.85 120.0
0.72 303.27 130.0
0.72 303.63 140.0
0.72 303.96 150.0
0.72 304.24 160.0
0.72 304.47 170.0
0.72 304.68 180.0
0.72 304.86 190.0
0.72 305.0 200.0
0.72 305.32 250.0
0.72 305.13 300.0
0.72 304.51 350.0
0.72 303.55 400.0
0.73 207.19 0.1
0.73 219.61 0.2
0.73 227.65 0.3
0.73 233.78 0.4
0.73 238.75 0.5
0.73 243.0 0.6
0.73 246.72 0.7
0.73 250.02 0.8
0.73 253.03 0.9
0.73 255.8 1.0
0.73 273.26 2.0
0.73 277.42 3.0
0.73 280.22 4.0
0.73 282.3 5.0
0.73 283.92 6.0
0.73 285.22 7.0
0.73 286.29 8.0
0.73 287.18 9.0
0.73 287.95 10.0
0.73 290.6 15.0
0.73 292.31 20.0
0.73 293.61 25.0
0.73 294.67 30.0
0.73 295.57 35.0
0.73 296.36 40.0
0.73 297.07 45.0
0.73 297.7 50.0
0.73 298.81 60.0
0.73 299.76 70.0
0.73 300.57 80.0
0.73 301.27 90.0
0.73 301.89 100.0
0.73 302.43 110.0
0.73 302.91 120.0
0.73 303.33 130.0
0.73 303.69 140.0
0.73 304.02 150.0
0.73 304.3 160.0
0.73 304.53 170.0
0.73 304.74 180.0
0.73 304.92 190.0
0.73 305.06 200.0
0.73 305.38 250.0
0.73 305.19 300.0
0.73 304.56 350.0
0.73 303.6 400.0
0.74 206.93 0.1
0.74 219.33 0.2
0.74 227.38 0.3
0.74 233.5 0.4
0.74 238.47 0.5
0.74 242.72 0.6
0.74 246.45 0.7
0.74 249.75 0.8
0.74 252.76 0.9
0.74 255.53 1.0
0.74 273.17 2.0
0.74 277.34 3.0
0.74 280.15 4.0
0.74 282.24 5.0
0.74 283.86 6.0
0.74 285.17 7.0
0.74 286.24 8.0
0.74 287.15 9.0
0.74 287.92 10.0
0.74 290.6 15.0
0.74 292.32 20.0
0.74 293.63 25.0
0.74 294.69 30.0
0.74 295.6 35.0
0.74 296.4 40.0
0.74 297.11 45.0
0.74 297.75 50.0
0.74 298.86 60.0
0.74 299.81 70.0
0.74 300.62 80.0
0.74 301.33 90.0
0.74 301.94 100.0
0.74 302.49 110.0
0.74 302.97 120.0
0.74 303.38 130.0
0.74 303.75 140.0
0.74 304.07 150.0
0.74 304.36 160.0
0.74 304.59 170.0
0.74 304.8 180.0
0.74 304.98 190.0
0.74 305.12 200.0
0.74 305.44 250.0
0.74 305.25 300.0
0.74 304.62 350.0
0.74 303.66 400.0
0.75 206.65 0.1
0.75 219.05 0.2
0.75 227.09 0.3
0.75 233.22 0.4
0.75 238.19 0.5
0.75 242.44 0.6
0.75 246.17 0.7
0.75 249.47 0.8
0.75 252.48 0.9
0.75 255.25 1.0
0.75 273.08 2.0
0.75 277.26 3.0
0.75 280.08 4.0
0.75 282.17 5.0
0.75 283.8 6.0
0.75 285.12 7.0
0.75 286.2 8.0
0.75 287.11 9.0
0.75 287.89 10.0
0.75 290.59 15.0
0.75 292.33 20.0
0.75 293.64 25.0
0.75 294.72 30.0
0.75 295.64 35.0
0.75 296.44 40.0
0.75 297.15 45.0
0.75 297.79 50.0
0.75 298.91 60.0
0.75 299.86 70.0
0.75 300.68 80.0
0.75 301.38 90.0
0.75 302.0 100.0
0.75 302.54 110.0
0.75 303.03 120.0
0.75 303.44 130.0
0.75 303.81 140.0
0.75 304.13 150.0
0.75 304.42 160.0
0.75 304.65 170.0
0.75 304.86 180.0
0.75 305.04 190.0
0.75 305.18 200.0
0.75 305.5 250.0
0.75 305.31 300.0
0.75 304.68 350.0
0.75 303.72 400.0
0.76 206.37 0.1
0.76 218.77 0.2
0.76 226.8 0.3
0.76 232.93 0.4
0.76 237.9 0.5
0.76 242.15 0.6
0.76 245.88 0.7
0.76 249.19 0.8
0.76 252.2 0.9
0.76 254.97 1.0
0.76 272.99 2.0
0.76 277.18 3.0
0.76 280.01 4.0
0.76 282.11 5.0
0.76 283.75 6.0
0.76 285.07 7.0
0.76 286.15 8.0
0.76 287.07 9.0
0.76 287.86 10.0
0.76 290.58 15.0
0.76 292.34 20.0
0.76 293.66 25.0
0.76 294.74 30.0
0.76 295.67 35.0
0.76 296.47 40.0
0.76 297.18 45.0
0.76 297.83 50.0
0.76 298.95 60.0
0.76 299.9 70.0
0.76 300.73 80.0
0.76 301.43 90.0
0.76 302.05 100.0
0.76 302.6 110.0
0.76 303.08 120.0
0.76 303.5 130.0
0.76 303.87 140.0
0.76 304.19 150.0
0.76 304.47 160.0
0.76 304.71 170.0
0.76 304.92 180.0
0.76 305.1 190.0
0.76 305.24 200.0
0.76 305.56 250.0
0.76 305.37 300.0
0.76 304.74 350.0
0.76 303.77 400.0
0.77 206.08 0.1
0.77 218.47 0.2
0.77 226.51 0.3
0.77 232.63 0.4
0.77 237.61 0.5
0.77 241.86 0.6
0.77 245.59 0.7
0.77 248.9 0.8
0.77 251.91 0.9
0.77 254.68 1.0
0.77 272.89 2.0
0.77 277.09 3.0
0.77 279.93 4.0
0.77 282.04 5.0
0.77 283.69 6.0
0.77 285.01 7.0
0.77 286.11 8.0
0.77 287.03 9.0
0.77 287.82 10.0
0.77 290.57 15.0
0.77 292.34 20.0
0.77 293.68 25.0
0.77 294.77 30.0
0.77 295.7 35.0
0.77 296.5 40.0
0.77 297.22 45.0
0.77 297.87 50.0
0.77 299.0 60.0
0.77 299.95 70.0
0.77 300.78 80.0
0.77 301.49 90.0
0.77 302.11 100.0
0.77 302.65 110.0
0.77 303.14 120.0
0.77 303.55 130.0
0.77 303.92 140.0
0.77 304.25 150.0
0.77 304.53 160.0
0.77 304.77 170.0
0.77 304.98 180.0
0.77 305.15 190.0
0.77 305.3 200.0
0.77 305.62 250.0
0.77 305.42 300.0
0.77 304.8 350.0
0.77 303.83 400.0
0.78 205.78 0.1
0.78 218.17 0.2
0.78 226.2 0.3
0.78 232.33 0.4
0.78 237.3 0.5
0.78 241.56 0.6
0.78 245.29 0.7
0.78 248.6 0.8
0.78 251.62 0.9
0.78 254.39 1.0
0.78 272.8 2.0
0.78 277.01 3.0
0.78 279.86 4.0
0.78 281.97 5.0
0.78 283.62 6.0
0.78 284.96 7.0
0.78 286.06 8.0
0.78 286.99 9.0
0.78 287.79 10.0
0.78 290.56 15.0
0.78 292.35 20.0
0.78 293.69 25.0
0.78 294.79 30.0
0.78 295.72 35.0
0.78 296.54 40.0
0.78 297.26 45.0
0.78 297.91 50.0
0.78 299.04 60.0
0.78 300.0 70.0
0.78 300.83 80.0
0.78 301.54 90.0
0.78 302.16 100.0
0.78 302.71 110.0
0.78 303.19 120.0
0.78 303.61 130.0
0.78 303.98 140.0
0.78 304.3 150.0
0.78 304.59 160.0
0.78 304.83 170.0
0.78 305.03 180.0
0.78 305.21 190.0
0.78 305.35 200.0
0.78 305.68 250.0
0.78 305.48 300.0
0.78 304.85 350.0
0.78 303.88 400.0
0.79 205.47 0.1
0.79 217.85 0.2
0.79 225.89 0.3
0.79 232.01 0.4
0.79 236.99 0.5
0.79 241.25 0.6
0.79 244.99 0.7
0.79 248.3 0.8
0.79 251.31 0.9
0.79 254.09 1.0
0.79 272.7 2.0
0.79 276.92 3.0
0.79 279.78 4.0
0.79 281.9 5.0
0.79 283.56 6.0
0.79 284.9 7.0
0.79 286.01 8.0
0.79 286.95 9.0
0.79 287.75 10.0
0.79 290.55 15.0
0.79 292.35 20.0
0.79 293.71 25.0
0.79 294.81 30.0
0.79 295.75 35.0
0.79 296.57 40.0
0.79 297.29 45.0
0.79 297.95 50.0
0.79 299.08 60.0
0.79 300.04 70.0
0.79 300.87 80.0
0.79 301.59 90.0
0.79 302.21 100.0
0.79 302.76 110.0
0.79 303.25 120.0
0.79 303.67 130.0
0.79 304.03 140.0
0.79 304.36 150.0
0.79 304.65 160.0
0.79 304.88 170.0
0.79 305.09 180.0
0.79 305.27 190.0
0.79 305.41 200.0
0.79 305.74 250.0
0.79 305.54 300.0
0.79 304.91 350.0
0.79 303.94 400.0
0.8 205.15 0.1
0.8 217.53 0.2
0.8 225.57 0.3
0.8 231.69 0.4
0.8 236.67 0.5
0.8 240.93 0.6
0.8 244.67 0.7
0.8 247.99 0.8
0.8 251.0 0.9
0.8 253.78 1.0
0.8 272.59 2.0
0.8 276.84 3.0
0.8 279.7 4.0
0.8 281.83 5.0
0.8 283.5 6.0
0.8 284.85 7.0
0.8 285.96 8.0
0.8 286.9 9.0
0.8 287.71 10.0
0.8 290.54 15.0
0.8 292.36 20.0
0.8 293.72 25.0
0.8 294.83 30.0
0.8 295.78 35.0
0.8 296.6 40.0
0.8 297.33 45.0
0.8 297.98 50.0
0.8 299.12 60.0
0.8 300.09 70.0
0.8 300.92 80.0
0.8 301.64 90.0
0.8 302.26 100.0
0.8 302.81 110.0
0.8 303.3 120.0
0.8 303.72 130.0
0.8 304.09 140.0
0.8 304.42 150.0
0.8 304.7 160.0
0.8 304.94 170.0
0.8 305.15 180.0
0.8 305.33 190.0
0.8 305.47 200.0
0.8 305.79 250.0
0.8 305.59 300.0
0.8 304.96 350.0
0.8 303.99 400.0
0.81 204.82 0.1
0.81 217.2 0.2
0.81 225.24 0.3
0.81 231.36 0.4
0.81 236.35 0.5
0.81 240.6 0.6
0.81 244.35 0.7
0.81 247.67 0.8
0.81 250.68 0.9
0.81 253.46 1.0
0.81 272.49 2.0
0.81 276.75 3.0
0.81 279.62 4.0
0.81 281.76 5.0
0.81 283.43 6.0
0.81 284.79 7.0
0.81 285.91 8.0
0.81 286.86 9.0
0.81 287.67 10.0
0.81 290.53 15.0
0.81 292.36 20.0
0.81 293.74 25.0
0.81 294.86 30.0
0.81 295.8 35.0
0.81 296.63 40.0
0.81 297.36 45.0
0.81 298.02 50.0
0.81 299.17 60.0
0.81 300.13 70.0
0.81 300.97 80.0
0.81 301.69 90.0
0.81 302.31 100.0
0.81 302.86 110.0
0.81 303.35 120.0
0.81 303.77 130.0
0.81 304.14 140.0
0.81 304.47 150.0
0.81 304.76 160.0
0.81 305.0 170.0
0.81 305.2 180.0
0.81 305.38 190.0
0.81 305.53 200.0
0.81 305.85 250.0
0.81 305.65 300.0
0.81 305.02 350.0
0.81 304.05 400.0
0.82 204.48 0.1
0.82 216.86 0.2
0.82 224.9 0.3
0.82 231.02 0.4
0.82 236.01 0.5
0.82 240.27 0.6
0.82 244.02 0.7
0.82 247.34 0.8
0.82 250.36 0.9
0.82 253.14 1.0
0.82 272.39 2.0
0.82 276.65 3.0
0.82 279.54 4.0
0.82 281.69 5.0
0.82 283.37 6.0
0.82 284.73 7.0
0.82 285.86 8.0
0.82 286.81 9.0
0.82 287.63 10.0
0.82 290.51 15.0
0.82 292.36 20.0
0.82 293.75 25.0
0.82 294.88 30.0
0.82 295.83 35.0
0.82 296.66 40.0
0.82 297.4 45.0
0.82 298.06 50.0
0.82 299.21 60.0
0.82 300.18 70.0
0.82 301.02 80.0
0.82 301.74 90.0
0.82 302.36 100.0
0.82 302.92 110.0
0.82 303.4 120.0
0.82 303.83 130.0
0.82 304.2 140.0
0.82 304.52 150.0
0.82 304.81 160.0
0.82 305.05 170.0
0.82 305.26 180.0
0.82 305.44 190.0
0.82 305.58 200.0
0.82 305.91 250.0
0.82 305.7 300.0
0.82 305.07 350.0
0.82 304.1 400.0
0.83 204.13 0.1
0.83 216.5 0.2
0.83 224.55 0.3
0.83 230.67 0.4
0.83 235.67 0.5
0.83 239.93 0.6
0.83 243.68 0.7
0.83 247.0 0.8
0.83 250.03 0.9
0.83 252.81 1.0
0.83 272.28 2.0
0.83 276.56 3.0
0.83 279.46 4.0
0.83 281.61 5.0
0.83 283.3 6.0
0.83 284.67 7.0
0.83 285.8 8.0
0.83 286.77 9.0
0.83 287.59 10.0
0.83 290.5 15.0
0.83 292.36 20.0
0.83 293.76 25.0
0.83 294.89 30.0
0.83 295.86 35.0
0.83 296.69 40.0
0.83 297.43 45.0
0.83 298.09 50.0
0.83 299.25 60.0
0.83 300.22 70.0
0.83 301.06 80.0
0.83 301.78 90.0
0.83 302.41 100.0
0.83 302.97 110.0
0.83 303.46 120.0
0.83 303.88 130.0
0.83 304.25 140.0
0.83 304.58 150.0
0.83 304.87 160.0
0.83 305.11 170.0
0.83 305.31 180.0
0.83 305.49 190.0
0.83 305.64 200.0
0.83 305.96 250.0
0.83 305.76 300.0
0.83 305.13 350.0
0.83 304.15 400.0
0.84 203.77 0.1
0.84 216.14 0.2
0.84 224.19 0.3
0.84 230.31 0.4
0.84 235.31 0.5
0.84 239.58 0.6
0.84 243.33 0.7
0.84 246.66 0.8
0.84 249.68 0.9
0.84 252.47 1.0
0.84 272.17 2.0
0.84 276.47 3.0
0.84 279.37 4.0
0.84 281.53 5.0
0.84 283.23 6.0
0.84 284.61 7.0
0.84 285.75 8.0
0.84 286.72 9.0
0.84 287.55 10.0
0.84 290.48 15.0
0.84 292.36 20.0
0.84 293.77 25.0
0.84 294.91 30.0
0.84 295.88 35.0
0.84 296.72 40.0
0.84 297.46 45.0
0.84 298.13 50.0
0.84 299.29 60.0
0.84 300.26 70.0
0.84 301.11 80.0
0.84 301.83 90.0
0.84 302.46 100.0
0.84 303.02 110.0
0.84 303.51 120.0
0.84 303.93 130.0
0.84 304.3 140.0
0.84 304.63 150.0
0.84 304.92 160.0
0.84 305.16 170.0
0.84 305.37 180.0
0.84 305.55 190.0
0.84 305.69 200.0
0.84 306.02 250.0
0.84 305.81 300.0
0.84 305.18 350.0
0.84 304.2 400.0
0.85 203.39 0.1
0.85 215.76 0.2
0.85 223.81 0.3
0.85 229.94 0.4
0.85 234.95 0.5
0.85 239.21 0.6
0.85 242.97 0.7
0.85 246.31 0.8
0.85 249.33 0.9
0.85 252.12 1.0
0.85 272.06 2.0
0.85 276.37 3.0
0.85 279.28 4.0
0.85 281.45 5.0
0.85 283.16 6.0
0.85 284.54 7.0
0.85 285.69 8.0
0.85 286.67 9.0
0.85 287.51 10.0
0.85 290.46 15.0
0.85 292.36 20.0
0.85 293.78 25.0
0.85 294.93 30.0
0.85 295.9 35.0
0.85 296.75 40.0
0.85 297.49 45.0
0.85 298.16 50.0
0.85 299.32 60.0
0.85 300.31 70.0
0.85 301.15 80.0
0.85 301.88 90.0
0.85 302.51 100.0
0.85 303.07 110.0
0.85 303.56 120.0
0.85 303.98 130.0
0.85 304.36 140.0
0.85 304.68 150.0
0.85 304.97 160.0
0.85 305.21 170.0
0.85 305.42 180.0
0.85 305.6 190.0
0.85 305.75 200.0
0.85 306.07 250.0
0.85 305.87 300.0
0.85 305.23 350.0
0.85 304.26 400.0
0.86 203.0 0.1
0.86 215.37 0.2
0.86 223.43 0.3
0.86 229.56 0.4
0.86 234.57 0.5
0.86 238.84 0.6
0.86 242.6 0.7
0.86 245.94 0.8
0.86 248.97 0.9
0.86 251.76 1.0
0.86 271.84 2.0
0.86 276.27 3.0
0.86 279.19 4.0
0.86 281.37 5.0
0.86 283.09 6.0
0.86 284.48 7.0
0.86 285.63 8.0
0.86 286.62 9.0
0.86 287.46 10.0
0.86 290.44 15.0
0.86 292.36 20.0
0.86 293.79 25.0
0.86 294.95 30.0
0.86 295.93 35.0
0.86 296.77 40.0
0.86 297.52 45.0
0.86 298.2 50.0
0.86 299.36 60.0
0.86 300.35 70.0
0.86 301.19 80.0
0.86 301.93 90.0
0.86 302.56 100.0
0.86 303.12 110.0
0.86 303.61 120.0
0.86 304.04 130.0
0.86 304.41 140.0
0.86 304.74 150.0
0.86 305.03 160.0
0.86 305.27 170.0
0.86 305.47 180.0
0.86 305.65 190.0
0.86 305.8 200.0
0.86 306.12 250.0
0.86 305.92 300.0
0.86 305.28 350.0
0.86 304.31 400.0
0.87 202.59 0.1
0.87 214.97 0.2
0.87 223.03 0.3
0.87 229.17 0.4
0.87 234.18 0.5
0.87 238.46 0.6
0.87 242.22 0.7
0.87 245.57 0.8
0.87 248.6 0.9
0.87 251.4 1.0
0.87 271.51 2.0
0.87 276.17 3.0
0.87 279.1 4.0
0.87 281.29 5.0
0.87 283.01 6.0
0.87 284.41 7.0
0.87 285.57 8.0
0.87 286.56 9.0
0.87 287.42 10.0
0.87 290.42 15.0
0.87 292.35 20.0
0.87 293.8 25.0
0.87 294.96 30.0
0.87 295.95 35.0
0.87 296.8 40.0
0.87 297.55 45.0
0.87 298.23 50.0
0.87 299.4 60.0
0.87 300.39 70.0
0.87 301.24 80.0
0.87 301.97 90.0
0.87 302.6 100.0
0.87 303.16 110.0
0.87 303.66 120.0
0.87 304.09 130.0
0.87 304.46 140.0
0.87 304.79 150.0
0.87 305.08 160.0
0.87 305.32 170.0
0.87 305.53 180.0
0.87 305.71 190.0
0.87 305.85 200.0
0.87 306.18 250.0
0.87 305.97 300.0
0.87 305.34 350.0
0.87 304.36 400.0
0.88 202.16 0.1
0.88 214.55 0.2
0.88 222.62 0.3
0.88 228.76 0.4
0.88 233.79 0.5
0.88 238.06 0.6
0.88 241.83 0.7
0.88 245.19 0.8
0.88 248.22 0.9
0.88 251.02 1.0
0.88 271.18 2.0
0.88 276.07 3.0
0.88 279.01 4.0
0.88 281.21 5.0
0.88 282.94 6.0
0.88 284.34 7.0
0.88 285.51 8.0
0.88 286.51 9.0
0.88 287.37 10.0
0.88 290.4 15.0
0.88 292.35 20.0
0.88 293.8 25.0
0.88 294.98 30.0
0.88 295.97 35.0
0.88 296.83 40.0
0.88 297.58 45.0
0.88 298.26 50.0
0.88 299.44 60.0
0.88 300.43 70.0
0.88 301.28 80.0
0.88 302.02 90.0
0.88 302.65 100.0
0.88 303.21 110.0
0.88 303.71 120.0
0.88 304.14 130.0
0.88 304.51 140.0
0.88 304.84 150.0
0.88 305.13 160.0
0.88 305.37 170.0
0.88 305.58 180.0
0.88 305.76 190.0
0.88 305.91 200.0
0.88 306.23 250.0
0.88 306.03 300.0
0.88 305.39 350.0
0.88 304.41 400.0
0.89 201.72 0.1
0.89 214.11 0.2
0.89 222.19 0.3
0.89 228.34 0.4
0.89 233.37 0.5
0.89 237.66 0.6
0.89 241.43 0.7
0.89 244.79 0.8
0.89 247.83 0.9
0.89 250.64 1.0
0.89 270.83 2.0
0.89 275.96 3.0
0.89 278.92 4.0
0.89 281.12 5.0
0.89 282.86 6.0
0.89 284.27 7.0
0.89 285.45 8.0
0.89 286.45 9.0
0.89 287.32 10.0
0.89 290.38 15.0
0.89 292.34 20.0
0.89 293.81 25.0
0.89 294.99 30.0
0.89 295.99 35.0
0.89 296.85 40.0
0.89 297.61 45.0
0.89 298.29 50.0
0.89 299.47 60.0
0.89 300.47 70.0
0.89 301.32 80.0
0.89 302.06 90.0
0.89 302.7 100.0
0.89 303.26 110.0
0.89 303.75 120.0
0.89 304.19 130.0
0.89 304.56 140.0
0.89 304.89 150.0
0.89 305.18 160.0
0.89 305.42 170.0
0.89 305.63 180.0
0.89 305.81 190.0
0.89 305.96 200.0
0.89 306.28 250.0
0.89 306.08 300.0
0.89 305.44 350.0
0.89 304.46 400.0
0.9 201.25 0.1
0.9 213.66 0.2
0.9 221.75 0.3
0.9 227.9 0.4
0.9 232.95 0.5
0.9 237.23 0.6
0.9 241.02 0.7
0.9 244.39 0.8
0.9 247.43 0.9
0.9 250.24 1.0
0.9 270.48 2.0
0.9 275.85 3.0
0.9 278.82 4.0
0.9 281.04 5.0
0.9 282.78 6.0
0.9 284.2 7.0
0.9 285.39 8.0
0.9 286.4 9.0
0.9 287.27 10.0
0.9 290.35 15.0
0.9 292.34 20.0
0.9 293.82 25.0
0.9 295.01 30.0
0.9 296.01 35.0
0.9 296.88 40.0
0.9 297.64 45.0
0.9 298.33 50.0
0.9 299.51 60.0
0.9 300.51 70.0
0.9 301.37 80.0
0.9 302.11 90.0
0.9 302.74 100.0
0.9 303.31 110.0
0.9 303.8 120.0
0.9 304.24 130.0
0.9 304.61 140.0
0.9 304.94 150.0
0.9 305.23 160.0
0.9 305.47 170.0
0.9 305.68 180.0
0.9 305.86 190.0
0.9 306.01 200.0
0.9 306.33 250.0
0.9 306.13 300.0
0.9 305.49 350.0
0.9 304.51 400.0
0.91 200.77 0.1
0.91 213.19 0.2
0.91 221.29 0.3
0.91 227.45 0.4
0.91 232.51 0.5
0.91 236.8 0.6
0.91 240.59 0.7
0.91 243.97 0.8
0.91 247.02 0.9
0.91 249.83 1.0
0.91 270.12 2.0
0.91 275.74 3.0
0.91 278.72 4.0
0.91 280.95 5.0
0.91 282.7 6.0
0.91 284.13 7.0
0.91 285.32 8.0
0.91 286.34 9.0
0.91 287.22 10.0
0.91 290.33 15.0
0.91 292.33 20.0
0.91 293.82 25.0
0.91 295.02 30.0
0.91 296.03 35.0
0.91 296.9 40.0
0.91 297.67 45.0
0.91 298.36 50.0
0.91 299.55 60.0
0.91 300.55 70.0
0.91 301.41 80.0
0.91 302.15 90.0
0.91 302.79 100.0
0.91 303.35 110.0
0.91 303.85 120.0
0.91 304.28 130.0
0.91 304.66 140.0
0.91 304.99 150.0
0.91 305.28 160.0
0.91 305.53 170.0
0.91 305.73 180.0
0.91 305.91 190.0
0.91 306.06 200.0
0.91 306.39 250.0
0.91 306.18 300.0
0.91 305.54 350.0
0.91 304.56 400.0
0.92 200.25 0.1
0.92 212.69 0.2
0.92 220.81 0.3
0.92 226.98 0.4
0.92 232.05 0.5
0.92 236.35 0.6
0.92 240.15 0.7
0.92 243.53 0.8
0.92 246.59 0.9
0.92 249.41 1.0
0.92 269.75 2.0
0.92 275.63 3.0
0.92 278.62 4.0
0.92 280.86 5.0
0.92 282.62 6.0
0.92 284.06 7.0
0.92 285.26 8.0
0.92 286.28 9.0
0.92 287.16 10.0
0.92 290.3 15.0
0.92 292.32 20.0
0.92 293.82 25.0
0.92 295.03 30.0
0.92 296.05 35.0
0.92 296.92 40.0
0.92 297.7 45.0
0.92 298.39 50.0
0.92 299.58 60.0
0.92 300.59 70.0
0.92 301.45 80.0
0.92 302.19 90.0
0.92 302.83 100.0
0.92 303.4 110.0
0.92 303.9 120.0
0.92 304.33 130.0
0.92 304.71 140.0
0.92 305.04 150.0
0.92 305.33 160.0
0.92 305.58 170.0
0.92 305.78 180.0
0.92 305.97 190.0
0.92 306.11 200.0
0.92 306.44 250.0
0.92 306.23 300.0
0.92 305.59 350.0
0.92 304.61 400.0
0.93 199.71 0.1
0.93 212.18 0.2
0.93 220.31 0.3
0.93 226.5 0.4
0.93 231.58 0.5
0.93 235.89 0.6
0.93 239.69 0.7
0.93 243.09 0.8
0.93 246.15 0.9
0.93 248.97 1.0
0.93 269.37 2.0
0.93 275.52 3.0
0.93 278.52 4.0
0.93 280.76 5.0
0.93 282.53 6.0
0.93 283.98 7.0
0.93 285.19 8.0
0.93 286.22 9.0
0.93 287.11 10.0
0.93 290.27 15.0
0.93 292.31 20.0
0.93 293.83 25.0
0.93 295.04 30.0
0.93 296.06 35.0
0.93 296.95 40.0
0.93 297.72 45.0
0.93 298.42 50.0
0.93 299.62 60.0
0.93 300.62 70.0
0.93 301.49 80.0
0.93 302.24 90.0
0.93 302.88 100.0
0.93 303.44 110.0
0.93 303.95 120.0
0.93 304.38 130.0
0.93 304.76 140.0
0.93 305.09 150.0
0.93 305.38 160.0
0.93 305.63 170.0
0.93 305.84 180.0
0.93 306.02 190.0
0.93 306.16 200.0
0.93 306.49 250.0
0.93 306.28 300.0
0.93 305.64 350.0
0.93 304.66 400.0
0.94 199.14 0.1
0.94 211.64 0.2
0.94 219.79 0.3
0.94 225.99 0.4
0.94 231.08 0.5
0.94 235.41 0.6
0.94 239.22 0.7
0.94 242.63 0.8
0.94 245.7 0.9
0.94 248.53 1.0
0.94 268.98 2.0
0.94 275.4 3.0
0.94 278.41 4.0
0.94 280.67 5.0
0.94 282.45 6.0
0.94 283.9 7.0
0.94 285.12 8.0
0.94 286.16 9.0
0.94 287.06 10.0
0.94 290.25 15.0
0.94 292.3 20.0
0.94 293.83 25.0
0.94 295.05 30.0
0.94 296.08 35.0
0.94 296.97 40.0
0.94 297.75 45.0
0.94 298.44 50.0
0.94 299.65 60.0
0.94 300.66 70.0
0.94 301.53 80.0
0.94 302.28 90.0
0.94 302.92 100.0
0.94 303.49 110.0
0.94 303.99 120.0
0.94 304.43 130.0
0.94 304.8 140.0
0.94 305.14 150.0
0.94 305.43 160.0
0.94 305.68 170.0
0.94 305.89 180.0
0.94 306.07 190.0
0.94 306.21 200.0
0.94 306.54 250.0
0.94 306.33 300.0
0.94 305.69 350.0
0.94 304.7 400.0
0.95 198.0 0.1
0.95 211.07 0.2
0.95 219.25 0.3
0.95 225.46 0.4
0.95 230.57 0.5
0.95 234.9 0.6
0.95 238.73 0.7
0.95 242.15 0.8
0.95 245.23 0.9
0.95 248.07 1.0
0.95 268.59 2.0
0.95 275.28 3.0
0.95 278.31 4.0
0.95 280.57 5.0
0.95 282.36 6.0
0.95 283.82 7.0
0.95 285.05 8.0
0.95 286.09 9.0
0.95 287.0 10.0
0.95 290.22 15.0
0.95 292.29 20.0
0.95 293.83 25.0
0.95 295.06 30.0
0.95 296.09 35.0
0.95 296.99 40.0
0.95 297.77 45.0
0.95 298.47 50.0
0.95 299.68 60.0
0.95 300.7 70.0
0.95 301.57 80.0
0.95 302.32 90.0
0.95 302.97 100.0
0.95 303.53 110.0
0.95 304.04 120.0
0.95 304.47 130.0
0.95 304.85 140.0
0.95 305.19 150.0
0.95 305.48 160.0
0.95 305.72 170.0
0.95 305.93 180.0
0.95 306.11 190.0
0.95 306.26 200.0
0.95 306.59 250.0
0.95 306.38 300.0
0.95 305.74 350.0
0.95 304.75 400.0
0.96 198.0 0.1
0.96 210.47 0.2
0.96 218.68 0.3
0.96 224.91 0.4
0.96 230.04 0.5
0.96 234.39 0.6
0.96 238.22 0.7
0.96 241.65 0.8
0.96 244.74 0.9
0.96 247.59 1.0
0.96 268.18 2.0
0.96 275.16 3.0
0.96 278.2 4.0
0.96 280.47 5.0
0.96 282.27 6.0
0.96 283.74 7.0
0.96 284.98 8.0
0.96 286.03 9.0
0.96 286.94 10.0
0.96 290.18 15.0
0.96 292.28 20.0
0.96 293.83 25.0
0.96 295.07 30.0
0.96 296.11 35.0
0.96 297.01 40.0
0.96 297.8 45.0
0.96 298.5 50.0
0.96 299.71 60.0
0.96 300.73 70.0
0.96 301.61 80.0
0.96 302.36 90.0
0.96 303.01 100.0
0.96 303.58 110.0
0.96 304.08 120.0
0.96 304.52 130.0
0.96 304.9 140.0
0.96 305.23 150.0
0.96 305.53 160.0
0.96 305.77 170.0
0.96 305.98 180.0
0.96 306.16 190.0
0.96 306.31 200.0
0.96 306.64 250.0
0.96 306.43 300.0
0.96 305.79 350.0
0.96 304.8 400.0
0.97 198.0 0.1
0.97 209.83 0.2
0.97 218.08 0.3
0.97 224.33 0.4
0.97 229.48 0.5
0.97 233.85 0.6
0.97 237.69 0.7
0.97 241.14 0.8
0.97 244.24 0.9
0.97 247.1 1.0
0.97 267.76 2.0
0.97 275.04 3.0
0.97 278.09 4.0
0.97 280.37 5.0
0.97 282.18 6.0
0.97 283.66 7.0
0.97 284.9 8.0
0.97 285.96 9.0
0.97 286.88 10.0
0.97 290.15 15.0
0.97 292.27 20.0
0.97 293.83 25.0
0.97 295.08 30.0
0.97 296.12 35.0
0.97 297.03 40.0
0.97 297.82 45.0
0.97 298.53 50.0
0.97 299.75 60.0
0.97 300.77 70.0
0.97 301.65 80.0
0.97 302.4 90.0
0.97 303.05 100.0
0.97 303.62 110.0
0.97 304.13 120.0
0.97 304.57 130.0
0.97 304.95 140.0
0.97 305.28 150.0
0.97 305.57 160.0
0.97 305.82 170.0
0.97 306.03 180.0
0.97 306.21 190.0
0.97 306.36 200.0
0.97 306.69 250.0
0.97 306.48 300.0
0.97 305.84 350.0
0.97 304.85 400.0
0.98 198.0 0.1
0.98 209.16 0.2
0.98 217.45 0.3
0.98 223.73 0.4
0.98 228.9 0.5
0.98 233.28 0.6
0.98 237.14 0.7
0.98 240.61 0.8
0.98 243.72 0.9
0.98 246.59 1.0
0.98 267.33 2.0
0.98 274.91 3.0
0.98 277.97 4.0
0.98 280.27 5.0
0.98 282.09 6.0
0.98 283.58 7.0
0.98 284.82 8.0
0.98 285.89 9.0
0.98 286.82 10.0
0.98 290.12 15.0
0.98 292.25 20.0
0.98 293.83 25.0
0.98 295.08 30.0
0.98 296.14 35.0
0.98 297.05 40.0
0.98 297.84 45.0
0.98 298.55 50.0
0.98 299.78 60.0
0.98 300.81 70.0
0.98 301.68 80.0
0.98 302.44 90.0
0.98 303.09 100.0
0.98 303.67 110.0
0.98 304.17 120.0
0.98 304.61 130.0
0.98 304.99 140.0
0.98 305.33 150.0
0.98 305.62 160.0
0.98 305.87 170.0
0.98 306.08 180.0
0.98 306.26 190.0
0.98 306.41 200.0
0.98 306.74 250.0
0.98 306.53 300.0
0.98 305.89 350.0
0.98 304.9 400.0
0.99 198.0 0.1
0.99 208.45 0.2
0.99 216.78 0.3
0.99 223.09 0.4
0.99 228.29 0.5
0.99 232.7 0.6
0.99 236.57 0.7
0.99 240.05 0.8
0.99 243.18 0.9
0.99 246.06 1.0
0.99 266.89 2.0
0.99 274.78 3.0
0.99 277.86 4.0
0.99 280.17 5.0
0.99 281.99 6.0
0.99 283.49 7.0
0.99 284.75 8.0
0.99 285.82 9.0
0.99 286.75 10.0
0.99 290.08 15.0
0.99 292.23 20.0
0.99 293.82 25.0
0.99 295.09 30.0
0.99 296.15 35.0
0.99 297.07 40.0
0.99 297.87 45.0
0.99 298.58 50.0
0.99 299.81 60.0
0.99 300.84 70.0
0.99 301.72 80.0
0.99 302.48 90.0
0.99 303.14 100.0
0.99 303.71 110.0
0.99 304.22 120.0
0.99 304.66 130.0
0.99 305.04 140.0
0.99 305.37 150.0
0.99 305.67 160.0
0.99 305.92 170.0
0.99 306.13 180.0
0.99 306.31 190.0
0.99 306.46 200.0
0.99 306.79 250.0
0.99 306.58 300.0
0.99 305.93 350.0
0.99 304.94 400.0
1.0 198.0 0.1
1.0 207.68 0.2
1.0 216.07 0.3
1.0 222.43 0.4
1.0 227.65 0.5
1.0 232.08 0.6
1.0 235.97 0.7
1.0 239.47 0.8
1.0 242.62 0.9
1.0 245.51 1.0
1.0 266.43 2.0
1.0 274.65 3.0
1.0 277.74 4.0
1.0 280.06 5.0
1.0 281.9 6.0
1.0 283.4 7.0
1.0 284.67 8.0
1.0 285.75 9.0
1.0 286.69 10.0
1.0 290.05 15.0
1.0 292.22 20.0
1.0 293.82 25.0
1.0 295.1 30.0
1.0 296.16 35.0
1.0 297.08 40.0
1.0 297.89 45.0
1.0 298.61 50.0
1.0 299.84 60.0
1.0 300.87 70.0
1.0 301.76 80.0
1.0 302.52 90.0
1.0 303.18 100.0
1.0 303.75 110.0
1.0 304.26 120.0
1.0 304.7 130.0
1.0 305.08 140.0
1.0 305.42 150.0
1.0 305.72 160.0
1.0 305.97 170.0
1.0 306.18 180.0
1.0 306.36 190.0
1.0 306.51 200.0
1.0 306.83 250.0
1.0 306.62 300.0
1.0 305.98 350.0
1.0 304.99 400.0
